1,CBQBDS,22.542664,114.06896,38,90,1450972845,0
2,CBQBDS,22.543037,114.07667,32,70,1450972905,0
3,CBQBDS,22.543203,114.08178,36,80,1450972965,0
4,CBQBDS,22.543316,114.08942,0,90,1450973085,0
5,CBQBDS,22.543316,114.08942,0,90,1450973175,0
6,CBQBDS,22.543497,114.0993,0,90,1450973205,1
7,CBQBDS,22.54357,114.10065,44,70,1450973265,1
8,CBQBDS,22.544743,114.106705,36,70,1450973325,1
9,CBQBDS,22.546577,114.11655,0,80,1450973445,1
10,CBQBDS,22.547997,114.116684,9,330,1450973506,1
11,CBQBDS,22.549728,114.116684,25,30,1450973565,1
12,CBQBDS,22.553406,114.11861,14,20,1450973635,1
13,CBQBDS,22.556759,114.12109,37,50,1450973691,1
14,CBQBDS,22.562414,114.118904,56,340,1450973745,1
15,CBQBDS,22.562414,114.118904,56,340,1450973782,1
16,CBQBDS,22.569155,114.1178,41,350,1450973804,1
17,CBQBDS,22.57673,114.11678,53,330,1450973865,1
18,CBQBDS,22.584187,114.11336,52,320,1450973925,1
19,CBQBDS,22.59049,114.10953,56,340,1450974005,1
20,CBQBDS,22.59049,114.10953,56,340,1450974388,1
21,CBQBDS,22.59049,114.10953,56,340,1450974993,1
22,CBQBDS,22.604864,114.12093,0,0,1450975034,0
23,CBQBDS,22.604786,114.12081,11,250,1450975035,0
24,CBQBDS,22.604399,114.119545,1,0,1450975036,0
25,CBQBDS,22.603415,114.119286,4,260,1450975037,0
26,CBQBDS,22.602438,114.11669,13,200,1450975038,0
27,CBQBDS,22.601955,114.11568,0,310,1450975039,0
28,CBQBDS,22.602205,114.115036,15,240,1450975040,0
29,CBQBDS,22.59761,114.11175,42,200,1450975041,0
30,CBQBDS,22.59102,114.10913,46,170,1450975042,0
31,CBQBDS,22.58595,114.11155,23,100,1450975043,0
32,CBQBDS,22.580105,114.11479,46,160,1450975044,0
33,CBQBDS,22.573084,114.11775,53,170,1450975045,0
34,CBQBDS,22.566319,114.11798,46,170,1450975065,0
35,CBQBDS,22.558815,114.11974,43,140,1450975137,0
36,CBQBDS,22.553106,114.12555,50,140,1450975185,0
37,CBQBDS,22.549768,114.12586,0,170,1450975244,0
38,CBQBDS,22.54845,114.12589,9,170,1450975399,0
39,CBQBDS,22.54791,114.12663,9,80,1450975400,0
40,CBQBDS,22.54873,114.131226,54,80,1450975425,1
41,CBQBDS,22.549921,114.140274,36,80,1450975485,1
42,CBQBDS,22.550613,114.145615,12,90,1450975545,1
43,CBQBDS,22.550455,114.14343,13,260,1450975606,0
44,CBQBDS,22.554296,114.14358,38,0,1450975665,0
45,CBQBDS,22.556063,114.15024,66,70,1450975725,0
46,CBQBDS,22.56093,114.15853,35,130,1450975785,0
47,CBQBDS,22.565044,114.15736,42,350,1450975853,0
48,CBQBDS,22.56676,114.16246,43,80,1450975905,0
49,CBQBDS,22.566833,114.1648,1,90,1450975965,0
50,CBQBDS,22.566837,114.164795,0,90,1450975971,0
51,CBQBDS,22.566786,114.16483,0,90,1450976024,0
52,CBQBDS,22.56676,114.16496,0,90,1450976085,0
53,CBQBDS,22.566736,114.16487,0,90,1450976145,0
54,CBQBDS,22.566736,114.16487,0,90,1450976152,0
55,CBQBDS,22.566753,114.164986,0,90,1450976204,0
56,CBQBDS,22.56672,114.16498,0,90,1450976264,0
57,CBQBDS,22.566692,114.16502,0,90,1450976325,0
58,CBQBDS,22.566721,114.16508,0,90,1450976389,0
59,CBQBDS,22.566698,114.165245,0,90,1450976444,0
60,CBQBDS,22.566715,114.16525,0,90,1450976505,0
61,CBQBDS,22.566807,114.165146,0,90,1450976564,0
62,CBQBDS,22.566788,114.1651,0,90,1450976624,0
63,CBQBDS,22.566778,114.165276,0,90,1450976685,0
64,CBQBDS,22.56676,114.16512,0,90,1450976744,0
65,CBQBDS,22.56676,114.16512,0,90,1450976759,0
66,CBQBDS,22.566721,114.165016,0,90,1450976804,0
67,CBQBDS,22.56669,114.16507,0,90,1450976865,0
68,CBQBDS,22.566761,114.16503,0,90,1450976924,0
69,CBQBDS,22.566692,114.16507,0,90,1450976985,0
70,CBQBDS,22.566687,114.16507,0,90,1450977045,0
71,CBQBDS,22.566677,114.165306,0,90,1450977104,0
72,CBQBDS,22.566645,114.16523,0,90,1450977164,0
73,CBQBDS,22.566675,114.16505,0,90,1450977224,0
74,CBQBDS,22.566694,114.16511,4,60,1450977285,0
75,CBQBDS,22.566721,114.16529,1,70,1450977344,0
76,CBQBDS,22.566721,114.16529,1,70,1450977365,0
77,CBQBDS,22.566853,114.165405,1,70,1450977404,0
78,CBQBDS,22.566801,114.1653,0,70,1450977465,0
79,CBQBDS,22.566648,114.16545,9,160,1450977524,0
80,CBQBDS,22.56547,114.16472,8,240,1450977584,0
81,CBQBDS,22.564184,114.16667,33,100,1450977664,0
82,CBQBDS,22.563173,114.167564,18,260,1450977705,0
83,CBQBDS,22.564135,114.164345,11,330,1450977765,0
84,CBQBDS,22.566708,114.16426,12,330,1450977824,0
85,CBQBDS,22.566694,114.16158,0,270,1450977884,0
86,CBQBDS,22.566679,114.1577,25,260,1450977945,0
87,CBQBDS,22.566679,114.1577,25,260,1450977970,0
88,CBQBDS,22.562878,114.15744,44,180,1450978005,0
89,CBQBDS,22.562243,114.16126,54,70,1450978065,0
90,CBQBDS,22.562538,114.16734,0,80,1450978170,0
91,CBQBDS,22.562551,114.170746,44,90,1450978185,0
92,CBQBDS,22.55935,114.17848,49,120,1450978245,0
93,CBQBDS,22.556839,114.18197,0,120,1450978306,0
94,CBQBDS,22.556181,114.1845,51,90,1450978369,0
95,CBQBDS,22.55672,114.193565,57,70,1450978428,0
96,CBQBDS,22.55672,114.193565,57,70,1450978485,0
97,CBQBDS,22.55672,114.193565,57,70,1450978545,0
98,CBQBDS,22.55672,114.193565,57,70,1450978576,0
99,CBQBDS,22.557056,114.218285,0,90,1450978606,0
100,CBQBDS,22.553274,114.222664,46,130,1450978665,0
101,CBQBDS,22.55169,114.22698,31,70,1450978725,0
102,CBQBDS,22.55381,114.22989,27,350,1450978896,0
103,CBQBDS,22.555853,114.229256,6,320,1450978896,0
104,CBQBDS,22.55879,114.23366,30,50,1450978904,0
105,CBQBDS,22.561323,114.23289,3,250,1450978965,0
106,CBQBDS,22.55867,114.231445,0,140,1450979024,0
107,CBQBDS,22.55628,114.2293,23,190,1450979085,1
108,CBQBDS,22.550152,114.22935,47,180,1450979144,1
109,CBQBDS,22.550152,114.22935,47,180,1450979181,1
110,CBQBDS,22.548782,114.22751,34,250,1450979204,1
111,CBQBDS,22.55349,114.22247,44,310,1450979388,1
112,CBQBDS,22.556198,114.21971,23,310,1450979391,0
113,CBQBDS,22.553984,114.22246,25,40,1450979391,0
114,CBQBDS,22.553839,114.225815,13,140,1450979445,0
115,CBQBDS,22.55359,114.22579,0,200,1450979527,0
116,CBQBDS,22.553522,114.22585,0,200,1450979565,0
117,CBQBDS,22.55283,114.22326,35,310,1450979638,1
118,CBQBDS,22.557219,114.2179,39,270,1450979684,1
119,CBQBDS,22.557447,114.21495,44,270,1450979775,1
120,CBQBDS,22.557447,114.21495,44,270,1450979787,1
121,CBQBDS,22.557447,114.21495,44,270,1450979805,1
122,CBQBDS,22.556185,114.18677,66,270,1450979864,1
123,CBQBDS,22.560074,114.17798,14,300,1450979935,1
124,CBQBDS,22.561964,114.17527,54,300,1450979985,1
125,CBQBDS,22.562704,114.16332,80,260,1450980044,1
126,CBQBDS,22.557455,114.152794,70,220,1450980104,1
127,CBQBDS,22.55584,114.14162,55,280,1450980165,1
128,CBQBDS,22.553392,114.13854,51,200,1450980224,1
129,CBQBDS,22.54565,114.13232,66,230,1450980284,1
130,CBQBDS,22.541285,114.124115,45,230,1450980344,1
131,CBQBDS,22.541285,114.124115,45,230,1450980393,1
132,CBQBDS,22.541624,114.12057,0,320,1450980405,1
133,CBQBDS,22.54167,114.12045,0,320,1450980465,1
134,CBQBDS,22.542332,114.12058,31,20,1450980528,1
135,CBQBDS,22.54807,114.12755,39,70,1450980820,0
136,CBQBDS,22.548687,114.13073,45,70,1450980825,0
137,CBQBDS,22.54928,114.13438,32,70,1450980884,0
138,CBQBDS,22.550615,114.13703,44,30,1450980949,0
139,CBQBDS,22.550615,114.13703,44,30,1450980999,0
140,CBQBDS,22.55557,114.14243,49,90,1450981004,0
141,CBQBDS,22.55675,114.15199,58,50,1450981065,0
142,CBQBDS,22.562107,114.160576,58,80,1450981124,0
143,CBQBDS,22.562418,114.16791,34,80,1450981184,0
144,CBQBDS,22.561422,114.17565,58,120,1450981244,0
145,CBQBDS,22.556658,114.18264,62,110,1450981304,0
146,CBQBDS,22.555866,114.19028,26,80,1450981364,0
147,CBQBDS,22.556684,114.19365,65,70,1450981425,0
148,CBQBDS,22.556684,114.19365,65,70,1450981521,0
149,CBQBDS,22.557125,114.21832,0,90,1450981592,0
150,CBQBDS,22.557125,114.21832,0,90,1450981604,0
151,CBQBDS,22.55551,114.220215,37,130,1450981604,0
152,CBQBDS,22.555307,114.22404,23,60,1450981776,0
153,CBQBDS,22.55366,114.225975,17,50,1450981777,0
154,CBQBDS,22.551798,114.229225,33,100,1450981784,0
155,CBQBDS,22.555735,114.22946,13,320,1450981882,0
156,CBQBDS,22.556995,114.230736,37,50,1450981906,0
157,CBQBDS,22.559525,114.23414,21,320,1450981964,0
158,CBQBDS,22.559338,114.23403,9,190,1450982028,0
159,CBQBDS,22.556595,114.22979,23,230,1450982089,0
160,CBQBDS,22.554253,114.226616,15,230,1450982145,0
161,CBQBDS,22.554253,114.226616,15,230,1450982209,0
162,CBQBDS,22.55381,114.22605,0,270,1450982218,0
163,CBQBDS,22.553366,114.225624,9,220,1450982264,0
164,CBQBDS,22.553223,114.22532,0,220,1450982286,0
165,CBQBDS,22.55306,114.22514,0,220,1450982324,0
166,CBQBDS,22.553026,114.22504,0,220,1450982384,0
167,CBQBDS,22.553024,114.22497,0,220,1450982444,0
168,CBQBDS,22.553017,114.224976,0,220,1450982504,0
169,CBQBDS,22.55297,114.225,0,220,1450982564,0
170,CBQBDS,22.55296,114.22496,0,220,1450982624,0
171,CBQBDS,22.552965,114.22496,0,220,1450982684,0
172,CBQBDS,22.552958,114.224976,0,220,1450982744,0
173,CBQBDS,22.553009,114.225006,0,220,1450982804,0
174,CBQBDS,22.553009,114.225006,0,220,1450982814,0
175,CBQBDS,22.553017,114.22502,0,220,1450982864,0
176,CBQBDS,22.552408,114.22445,13,220,1450982925,1
177,CBQBDS,22.554407,114.226814,22,40,1450982984,1
178,CBQBDS,22.555382,114.22803,36,40,1450983044,1
179,CBQBDS,22.557344,114.232,25,150,1450983104,1
180,CBQBDS,22.556484,114.2327,0,260,1450983164,0
181,CBQBDS,22.557798,114.2319,0,350,1450983224,0
182,CBQBDS,22.559086,114.23417,0,50,1450983284,1
183,CBQBDS,22.559227,114.23394,22,230,1450983345,1
184,CBQBDS,22.55657,114.22962,17,240,1450983404,1
185,CBQBDS,22.55657,114.22962,17,240,1450983418,1
186,CBQBDS,22.55486,114.22741,0,220,1450983464,1
187,CBQBDS,22.553518,114.22599,0,230,1450983525,0
188,CBQBDS,22.553452,114.22609,0,230,1450983584,0
189,CBQBDS,22.553452,114.2261,0,230,1450983599,0
190,CBQBDS,22.553473,114.226105,0,230,1450983644,0
191,CBQBDS,22.553442,114.22612,0,230,1450983715,0
192,CBQBDS,22.55336,114.22618,0,230,1450983764,0
193,CBQBDS,22.55339,114.22619,0,230,1450983901,0
194,CBQBDS,22.553453,114.22617,0,230,1450983901,0
195,CBQBDS,22.553453,114.2261,0,230,1450983944,0
196,CBQBDS,22.55337,114.22594,6,50,1450984004,1
197,CBQBDS,22.55337,114.22594,6,50,1450984023,1
198,CBQBDS,22.55533,114.228035,49,40,1450984064,1
199,CBQBDS,22.558105,114.22809,40,50,1450984124,1
200,CBQBDS,22.561466,114.2305,0,20,1450984184,0
201,CBQBDS,22.560566,114.23188,29,220,1450984244,0
202,CBQBDS,22.557016,114.23056,38,230,1450984304,0
203,CBQBDS,22.555664,114.22844,1,240,1450984364,0
204,CBQBDS,22.556063,114.228935,3,40,1450984424,1
205,CBQBDS,22.556372,114.229546,33,50,1450984484,1
206,CBQBDS,22.560532,114.23573,60,40,1450984544,1
207,CBQBDS,22.564844,114.24167,42,30,1450984604,1
208,CBQBDS,22.564844,114.24167,42,30,1450984628,1
209,CBQBDS,22.565847,114.24261,22,40,1450984664,1
210,CBQBDS,22.570805,114.24815,22,130,1450984724,1
211,CBQBDS,22.571196,114.247955,6,310,1450984804,0
212,CBQBDS,22.56845,114.2453,53,220,1450984844,0
213,CBQBDS,22.563776,114.24043,42,240,1450984904,0
214,CBQBDS,22.558979,114.23354,43,230,1450984965,0
215,CBQBDS,22.556444,114.22945,7,240,1450985024,0
216,CBQBDS,22.553293,114.228134,19,190,1450985084,0
217,CBQBDS,22.55134,114.22639,24,230,1450985144,0
218,CBQBDS,22.552555,114.22482,32,40,1450985209,0
219,CBQBDS,22.552555,114.22482,32,40,1450985233,0
220,CBQBDS,22.554338,114.22698,3,40,1450985331,0
221,CBQBDS,22.55367,114.22601,0,240,1450985331,0
222,CBQBDS,22.553469,114.22579,0,220,1450985366,0
223,CBQBDS,22.55346,114.2258,0,220,1450985384,0
224,CBQBDS,22.553438,114.22579,0,220,1450985444,0
225,CBQBDS,22.553406,114.22583,0,220,1450985504,0
226,CBQBDS,22.553381,114.22588,0,220,1450985564,0
227,CBQBDS,22.553381,114.22588,0,220,1450985624,0
228,CBQBDS,22.553406,114.22585,0,220,1450985684,0
229,CBQBDS,22.553406,114.225845,0,220,1450985744,0
230,CBQBDS,22.55342,114.22577,0,220,1450985804,0
231,CBQBDS,22.55342,114.22577,0,220,1450985837,0
232,CBQBDS,22.553448,114.22575,0,220,1450985933,0
233,CBQBDS,22.553455,114.22574,0,220,1450985933,0
234,CBQBDS,22.553463,114.22572,0,220,1450986178,0
235,CBQBDS,22.553465,114.22571,0,220,1450986179,0
236,CBQBDS,22.553444,114.22575,0,220,1450986179,0
237,CBQBDS,22.553389,114.225815,0,220,1450986179,0
238,CBQBDS,22.553373,114.22584,0,220,1450986224,0
239,CBQBDS,22.553366,114.22583,0,220,1450986284,0
240,CBQBDS,22.553356,114.22584,0,220,1450986344,0
241,CBQBDS,22.55335,114.22584,0,220,1450986404,0
242,CBQBDS,22.55335,114.22584,0,220,1450986442,0
243,CBQBDS,22.55342,114.225784,0,220,1450986464,0
244,CBQBDS,22.553446,114.22573,0,220,1450986524,0
245,CBQBDS,22.553448,114.22571,0,220,1450986676,0
246,CBQBDS,22.553366,114.225784,0,220,1450986676,0
247,CBQBDS,22.553345,114.2258,0,220,1450986704,0
248,CBQBDS,22.553352,114.225815,0,220,1450986764,0
249,CBQBDS,22.553385,114.2258,0,220,1450986824,0
250,CBQBDS,22.553406,114.225746,0,220,1450986884,0
251,CBQBDS,22.553427,114.22573,0,220,1450986944,0
252,CBQBDS,22.553452,114.225716,0,220,1450987004,0
253,CBQBDS,22.553452,114.225716,0,220,1450987046,0
254,CBQBDS,22.553473,114.22569,0,220,1450987064,0
255,CBQBDS,22.553474,114.225716,0,220,1450987124,0
256,CBQBDS,22.553474,114.22572,0,220,1450987184,0
257,CBQBDS,22.553465,114.22573,0,220,1450987244,0
258,CBQBDS,22.553476,114.22572,0,220,1450987304,0
259,CBQBDS,22.55346,114.22574,0,220,1450987364,0
260,CBQBDS,22.553442,114.22575,0,220,1450987424,0
261,CBQBDS,22.553417,114.225784,0,220,1450987484,0
262,CBQBDS,22.553413,114.22579,0,220,1450987544,0
263,CBQBDS,22.553438,114.22577,0,220,1450987604,0
264,CBQBDS,22.553438,114.22577,0,220,1450987651,0
265,CBQBDS,22.55346,114.22574,0,220,1450987665,0
266,CBQBDS,22.553442,114.22575,0,220,1450987726,0
267,CBQBDS,22.553381,114.225876,0,220,1450987787,0
268,CBQBDS,22.55335,114.22589,0,220,1450987849,0
269,CBQBDS,22.553352,114.225945,0,220,1450987904,0
270,CBQBDS,22.55335,114.225914,0,220,1450987964,0
271,CBQBDS,22.55335,114.22591,0,220,1450988024,0
272,CBQBDS,22.553354,114.22582,0,220,1450988084,0
273,CBQBDS,22.553339,114.22587,0,220,1450988144,0
274,CBQBDS,22.553347,114.22591,0,220,1450988204,0
275,CBQBDS,22.553347,114.22591,0,220,1450988256,0
276,CBQBDS,22.553339,114.22591,0,220,1450988264,0
277,CBQBDS,22.553339,114.22591,0,220,1450988324,0
278,CBQBDS,22.55333,114.22589,0,220,1450988384,0
279,CBQBDS,22.553314,114.22588,0,220,1450988444,0
280,CBQBDS,22.553312,114.22588,0,220,1450988504,0
281,CBQBDS,22.553335,114.22589,0,220,1450988564,0
282,CBQBDS,22.553339,114.22592,0,220,1450988624,0
283,CBQBDS,22.553337,114.225914,0,220,1450988684,0
284,CBQBDS,22.55337,114.22585,0,220,1450988744,0
285,CBQBDS,22.553358,114.22585,0,220,1450988804,0
286,CBQBDS,22.553356,114.22585,0,220,1450988838,0
287,CBQBDS,22.553356,114.22585,0,220,1450988862,0
288,CBQBDS,22.553352,114.22585,0,220,1450988864,0
289,CBQBDS,22.553352,114.225845,0,220,1450988924,0
290,CBQBDS,22.553345,114.22585,0,220,1450989034,0
291,CBQBDS,22.553337,114.22588,0,220,1450989044,0
292,CBQBDS,22.553331,114.22591,0,220,1450989104,0
293,CBQBDS,22.55334,114.22594,0,220,1450989164,0
294,CBQBDS,22.55334,114.22594,0,220,1450989224,0
295,CBQBDS,22.553366,114.22591,0,220,1450989285,0
296,CBQBDS,22.55334,114.22593,0,220,1450989344,0
297,CBQBDS,22.5534,114.22587,0,220,1450989408,0
298,CBQBDS,22.553423,114.225815,0,220,1450989464,0
299,CBQBDS,22.553423,114.225815,0,220,1450989467,0
300,CBQBDS,22.553446,114.225784,0,220,1450989524,0
301,CBQBDS,22.553476,114.225746,0,220,1450989584,0
302,CBQBDS,22.553455,114.22577,0,220,1450989644,0
303,CBQBDS,22.553423,114.22582,0,220,1450989704,0
304,CBQBDS,22.55341,114.225845,0,220,1450989765,0
305,CBQBDS,22.55339,114.22594,0,220,1450989824,0
306,CBQBDS,22.553326,114.22598,1,220,1450989908,0
307,CBQBDS,22.553303,114.22596,0,220,1450990091,0
308,CBQBDS,22.553375,114.22587,0,220,1450990092,0
309,CBQBDS,22.553381,114.22587,0,220,1450990092,0
310,CBQBDS,22.553352,114.22589,0,220,1450990124,0
311,CBQBDS,22.55335,114.22583,0,0,1450990189,1
312,CBQBDS,22.554398,114.22696,0,50,1450990244,1
313,CBQBDS,22.556042,114.22883,5,40,1450990304,1
314,CBQBDS,22.557772,114.23186,58,50,1450990364,1
315,CBQBDS,22.563543,114.24017,54,60,1450990424,1
316,CBQBDS,22.565653,114.24247,0,30,1450990505,1
317,CBQBDS,22.570702,114.24734,44,20,1450990545,1
318,CBQBDS,22.570702,114.24734,44,20,1450990569,1
319,CBQBDS,22.575224,114.25104,36,40,1450990611,1
320,CBQBDS,22.580263,114.25115,46,340,1450990664,1
321,CBQBDS,22.584183,114.24556,20,280,1450990724,1
322,CBQBDS,22.587145,114.24138,40,320,1450990784,1
323,CBQBDS,22.591242,114.240135,45,40,1450990844,1
324,CBQBDS,22.593767,114.24252,4,40,1450990904,1
325,CBQBDS,22.596014,114.24468,17,20,1450990964,1
326,CBQBDS,22.596706,114.24304,21,180,1450991023,1
327,CBQBDS,22.596699,114.24207,0,260,1450991084,0
328,CBQBDS,22.596725,114.24204,1,260,1450991144,0
329,CBQBDS,22.596725,114.24204,1,260,1450991174,0
330,CBQBDS,22.596626,114.24259,2,0,1450991204,0
331,CBQBDS,22.596453,114.24276,0,0,1450991264,0
332,CBQBDS,22.597288,114.2432,3,0,1450991324,0
333,CBQBDS,22.596992,114.2438,0,130,1450991384,0
334,CBQBDS,22.594446,114.24314,17,220,1450991444,0
335,CBQBDS,22.59217,114.2409,40,220,1450991504,0
336,CBQBDS,22.590797,114.23956,0,220,1450991563,0
337,CBQBDS,22.5899,114.238914,33,140,1450991624,0
338,CBQBDS,22.587187,114.2406,38,140,1450991688,0
339,CBQBDS,22.587187,114.2406,38,140,1450991779,0
340,CBQBDS,22.583607,114.24564,43,100,1450991785,0
341,CBQBDS,22.578114,114.25087,64,180,1450991810,0
342,CBQBDS,22.571686,114.247826,6,210,1450991864,0
343,CBQBDS,22.57147,114.247696,22,210,1450991924,0
344,CBQBDS,22.566048,114.24264,3,220,1450991984,0
345,CBQBDS,22.56448,114.241196,42,220,1450992044,0
346,CBQBDS,22.56059,114.23561,52,220,1450992104,0
347,CBQBDS,22.55702,114.23042,52,230,1450992164,0
348,CBQBDS,22.554996,114.22993,28,160,1450992224,0
349,CBQBDS,22.55194,114.22884,31,280,1450992283,0
350,CBQBDS,22.550755,114.22522,0,260,1450992344,0
351,CBQBDS,22.550755,114.22522,0,260,1450992384,0
352,CBQBDS,22.550762,114.22497,16,290,1450992408,0
353,CBQBDS,22.555407,114.22035,37,310,1450992572,0
354,CBQBDS,22.556957,114.218895,0,310,1450992574,0
355,CBQBDS,22.557346,114.2179,0,270,1450992584,0
356,CBQBDS,22.557081,114.21818,35,90,1450992644,0
357,CBQBDS,22.553934,114.222466,22,40,1450992704,0
358,CBQBDS,22.553736,114.22571,17,160,1450992794,0
359,CBQBDS,22.553263,114.22552,11,60,1450992833,0
360,CBQBDS,22.551945,114.22801,27,80,1450992887,0
361,CBQBDS,22.553896,114.22993,23,340,1450992959,0
362,CBQBDS,22.553896,114.22993,23,340,1450992989,0
363,CBQBDS,22.555426,114.22817,29,220,1450993004,0
364,CBQBDS,22.554878,114.227264,12,220,1450993068,0
365,CBQBDS,22.553154,114.225365,20,220,1450993124,0
366,CBQBDS,22.552063,114.22384,0,270,1450993184,0
367,CBQBDS,22.552027,114.22378,0,270,1450993244,0
368,CBQBDS,22.553505,114.22249,0,310,1450993379,0
369,CBQBDS,22.552746,114.22313,23,130,1450993381,0
370,CBQBDS,22.552412,114.2246,37,50,1450993424,0
371,CBQBDS,22.552412,114.2246,37,50,1450993594,0
372,CBQBDS,22.553087,114.22503,0,240,1450993725,0
373,CBQBDS,22.5531,114.22504,0,240,1450993725,0
374,CBQBDS,22.552984,114.22506,0,240,1450993725,0
375,CBQBDS,22.55299,114.22503,0,240,1450993725,0
376,CBQBDS,22.552967,114.2251,0,240,1450993784,0
377,CBQBDS,22.55296,114.22511,0,240,1450993871,0
378,CBQBDS,22.552923,114.22508,0,240,1450993904,0
379,CBQBDS,22.55297,114.2251,0,240,1450993964,0
380,CBQBDS,22.553001,114.22509,0,240,1450994024,0
381,CBQBDS,22.553005,114.22508,0,240,1450994048,0
382,CBQBDS,22.553007,114.22509,0,240,1450994084,0
383,CBQBDS,22.553097,114.22508,0,240,1450994144,0
384,CBQBDS,22.553097,114.22508,0,240,1450994199,0
385,CBQBDS,22.553087,114.225136,0,240,1450994204,0
386,CBQBDS,22.553062,114.225075,0,240,1450994264,0
387,CBQBDS,22.553059,114.22509,0,240,1450994324,0
388,CBQBDS,22.553024,114.225174,0,240,1450994384,0
389,CBQBDS,22.553022,114.22518,0,240,1450994444,0
390,CBQBDS,22.553009,114.22515,0,240,1450994504,0
391,CBQBDS,22.55295,114.22519,0,240,1450994564,0
392,CBQBDS,22.55301,114.22515,0,240,1450994624,0
393,CBQBDS,22.553017,114.22515,0,240,1450994684,0
394,CBQBDS,22.553005,114.225136,0,240,1450994745,0
395,CBQBDS,22.55304,114.22514,0,240,1450994804,0
396,CBQBDS,22.55304,114.22514,0,240,1450994805,0
397,CBQBDS,22.55256,114.224655,26,220,1450994863,1
398,CBQBDS,22.556723,114.21909,36,310,1450995084,1
399,CBQBDS,22.55701,114.21882,4,310,1450995085,1
400,CBQBDS,22.55748,114.21467,61,270,1450995085,1
401,CBQBDS,22.55748,114.21467,61,270,1450995104,1
402,CBQBDS,22.556074,114.191025,0,260,1450995164,1
403,CBQBDS,22.556404,114.18385,78,270,1450995224,1
404,CBQBDS,22.562546,114.17369,78,280,1450995285,1
405,CBQBDS,22.561861,114.159195,85,240,1450995344,1
406,CBQBDS,22.561861,114.159195,85,240,1450995410,1
407,CBQBDS,22.555828,114.14805,80,250,1450995507,1
408,CBQBDS,22.556486,114.13797,52,210,1450995508,1
409,CBQBDS,22.548285,114.13526,73,200,1450995524,1
410,CBQBDS,22.542427,114.12599,75,230,1450995584,1
411,CBQBDS,22.53988,114.11803,45,240,1450995657,1
412,CBQBDS,22.537186,114.10731,74,250,1450995704,1
413,CBQBDS,22.53742,114.08389,76,260,1450995826,1
414,CBQBDS,22.531998,114.07667,56,250,1450995884,1
415,CBQBDS,22.531958,114.06753,34,270,1450995944,1
416,CBQBDS,22.52691,114.06697,71,200,1450996003,1
417,CBQBDS,22.52691,114.06697,71,200,1450996015,1
418,CBQBDS,22.522114,114.06795,32,110,1450996064,1
419,CBQBDS,22.521093,114.06791,2,20,1450996124,0
420,CBQBDS,22.523258,114.06513,23,320,1450996185,0
421,CBQBDS,22.52411,114.06847,7,330,1450996243,0
422,CBQBDS,22.527304,114.06774,50,20,1450996303,0
423,CBQBDS,22.531631,114.07276,55,90,1450996373,0
424,CBQBDS,22.534578,114.0788,44,20,1450996424,0
425,CBQBDS,22.537148,114.084274,42,90,1450996483,0
426,CBQBDS,22.537148,114.084274,42,90,1450996621,0
427,CBQBDS,22.53787,114.09249,56,90,1450996637,0
428,CBQBDS,22.537354,114.09505,1,150,1450996638,0
429,CBQBDS,22.537352,114.09505,1,150,1450996638,0
430,CBQBDS,22.537382,114.09508,0,110,1450996663,0
431,CBQBDS,22.537403,114.09509,0,110,1450996724,0
432,CBQBDS,22.53739,114.09483,0,110,1450996784,0
433,CBQBDS,22.537397,114.09511,1,110,1450996844,0
434,CBQBDS,22.537428,114.09507,3,0,1450996904,0
435,CBQBDS,22.53786,114.0968,36,80,1450996964,0
436,CBQBDS,22.537992,114.10259,33,80,1450997057,0
437,CBQBDS,22.53666,114.10608,15,180,1450997084,0
438,CBQBDS,22.536505,114.10638,0,90,1450997144,0
439,CBQBDS,22.536503,114.10645,3,0,1450997203,0
440,CBQBDS,22.536503,114.10645,3,0,1450997227,0
441,CBQBDS,22.536673,114.106186,5,340,1450997264,0
442,CBQBDS,22.535017,114.111145,33,170,1450997383,0
443,CBQBDS,22.53243,114.11488,43,10,1450997444,0
444,CBQBDS,22.537273,114.11837,43,50,1450997504,0
445,CBQBDS,22.540203,114.122986,0,40,1450997563,0
446,CBQBDS,22.541286,114.12458,1,0,1450997623,0
447,CBQBDS,22.543377,114.126144,39,350,1450997685,0
448,CBQBDS,22.547619,114.12607,15,0,1450997807,0
449,CBQBDS,22.548409,114.12913,12,80,1450997807,0
450,CBQBDS,22.548409,114.12913,12,80,1450997832,0
451,CBQBDS,22.549334,114.135216,12,50,1450997870,0
452,CBQBDS,22.549946,114.13364,2,340,1450997923,0
453,CBQBDS,22.549746,114.13361,15,170,1450997984,1
454,CBQBDS,22.548948,114.1299,2,240,1450998043,1
455,CBQBDS,22.549078,114.13198,54,70,1450998103,1
456,CBQBDS,22.54995,114.13658,43,30,1450998164,1
457,CBQBDS,22.555527,114.14248,52,90,1450998223,1
458,CBQBDS,22.55701,114.1525,72,50,1450998283,1
459,CBQBDS,22.560257,114.15825,21,250,1450998344,1
460,CBQBDS,22.563726,114.1574,20,350,1450998501,1
461,CBQBDS,22.567005,114.1574,44,0,1450998501,1
462,CBQBDS,22.570065,114.16178,18,70,1450998524,1
463,CBQBDS,22.570475,114.16297,0,50,1450998612,0
464,CBQBDS,22.570475,114.16297,0,50,1450998627,0
465,CBQBDS,22.568317,114.161255,36,170,1450998644,0
466,CBQBDS,22.566978,114.16117,0,180,1450998703,0
467,CBQBDS,22.56678,114.16362,20,80,1450998764,0
468,CBQBDS,22.56692,114.16701,12,80,1450998823,0
469,CBQBDS,22.56711,114.1677,5,80,1450998883,0
470,CBQBDS,22.567019,114.16969,18,90,1450998943,0
471,CBQBDS,22.564934,114.17085,30,170,1450999021,0
472,CBQBDS,22.561825,114.172264,1,80,1450999063,0
473,CBQBDS,22.561928,114.17242,0,140,1450999108,0
474,CBQBDS,22.561928,114.17241,0,140,1450999123,0
475,CBQBDS,22.561968,114.1724,0,140,1450999183,0
476,CBQBDS,22.561968,114.1724,0,140,1450999234,0
477,CBQBDS,22.561842,114.17232,0,140,1450999243,0
478,CBQBDS,22.561777,114.17229,0,140,1450999303,0
479,CBQBDS,22.561792,114.172295,0,140,1450999363,0
480,CBQBDS,22.561792,114.17234,0,140,1450999423,0
481,CBQBDS,22.561827,114.17234,0,140,1450999483,0
482,CBQBDS,22.561857,114.172386,0,140,1450999552,0
483,CBQBDS,22.561954,114.172455,0,10,1450999605,0
484,CBQBDS,22.561947,114.17245,0,10,1450999605,0
485,CBQBDS,22.561886,114.17226,0,10,1450999663,0
486,CBQBDS,22.561844,114.172165,0,10,1450999723,0
487,CBQBDS,22.561884,114.17222,0,10,1450999783,0
488,CBQBDS,22.561884,114.17222,0,10,1450999840,0
489,CBQBDS,22.561928,114.17217,0,10,1450999843,0
490,CBQBDS,22.56191,114.17217,0,10,1450999903,0
491,CBQBDS,22.561909,114.17223,0,10,1450999963,0
492,CBQBDS,22.56194,114.17224,0,10,1451000023,0
493,CBQBDS,22.561913,114.17223,0,10,1451000083,0
494,CBQBDS,22.561903,114.17226,0,10,1451000144,0
495,CBQBDS,22.561922,114.172325,0,10,1451000205,0
496,CBQBDS,22.561968,114.172295,0,10,1451000263,0
497,CBQBDS,22.561943,114.17229,0,10,1451000323,0
498,CBQBDS,22.561754,114.171036,6,270,1451000425,0
499,CBQBDS,22.561811,114.16876,0,70,1451000443,0
500,CBQBDS,22.561811,114.16876,0,70,1451000446,0
501,CBQBDS,22.561872,114.16877,0,70,1451000456,0
502,CBQBDS,22.562035,114.16884,0,70,1451000503,0
503,CBQBDS,22.562162,114.1689,0,70,1451000563,0
504,CBQBDS,22.561878,114.16966,22,90,1451000624,0
505,CBQBDS,22.564772,114.17087,40,0,1451000688,0
506,CBQBDS,22.566896,114.17057,7,260,1451000743,0
507,CBQBDS,22.56685,114.16646,25,260,1451000803,1
508,CBQBDS,22.565538,114.16471,0,260,1451000863,1
509,CBQBDS,22.563503,114.16439,17,170,1451000971,1
510,CBQBDS,22.561222,114.157646,47,240,1451001034,1
511,CBQBDS,22.556246,114.15061,67,250,1451001046,1
512,CBQBDS,22.556246,114.15061,67,250,1451001052,1
513,CBQBDS,22.555876,114.14039,63,270,1451001104,1
514,CBQBDS,22.557718,114.13578,0,310,1451001164,1
515,CBQBDS,22.56018,114.13355,11,320,1451001224,1
516,CBQBDS,22.560762,114.132935,14,310,1451001283,1
517,CBQBDS,22.560936,114.13281,0,310,1451001344,1
518,CBQBDS,22.560959,114.13283,0,310,1451001404,1
519,CBQBDS,22.56161,114.132256,0,310,1451001463,1
520,CBQBDS,22.561607,114.13225,0,310,1451001523,1
521,CBQBDS,22.561672,114.13217,14,310,1451001584,1
522,CBQBDS,22.560947,114.12839,39,230,1451001645,1
523,CBQBDS,22.559933,114.126045,7,240,1451001703,1
524,CBQBDS,22.560513,114.12506,27,350,1451001763,1
525,CBQBDS,22.563702,114.12459,0,0,1451001823,1
526,CBQBDS,22.564163,114.124405,14,280,1451001883,1
527,CBQBDS,22.563848,114.12244,5,270,1451001943,1
528,CBQBDS,22.566484,114.12019,7,190,1451002003,1
529,CBQBDS,22.566187,114.11826,32,350,1451002063,0
530,CBQBDS,22.56735,114.11801,23,340,1451002123,1
531,CBQBDS,22.57099,114.11983,22,70,1451002183,1
532,CBQBDS,22.57099,114.11983,22,70,1451002227,1
533,CBQBDS,22.568472,114.11788,57,260,1451002251,1
534,CBQBDS,22.568438,114.117096,4,0,1451002303,1
535,CBQBDS,22.56162,114.11454,54,160,1451002364,1
536,CBQBDS,22.558834,114.11198,27,260,1451002430,1
537,CBQBDS,22.556725,114.11047,9,220,1451002519,1
538,CBQBDS,22.556244,114.11014,0,210,1451002543,1
539,CBQBDS,22.55561,114.10986,5,190,1451002604,1
540,CBQBDS,22.55433,114.10971,23,180,1451002663,1
541,CBQBDS,22.5524,114.10983,0,170,1451002724,1
542,CBQBDS,22.552395,114.10983,0,170,1451002783,1
543,CBQBDS,22.552395,114.10983,0,170,1451002834,1
544,CBQBDS,22.550667,114.110085,0,170,1451002843,1
545,CBQBDS,22.550577,114.11006,0,170,1451002903,1
546,CBQBDS,22.548807,114.11029,5,180,1451002963,1
547,CBQBDS,22.548796,114.110306,0,180,1451003023,1
548,CBQBDS,22.546549,114.1098,36,170,1451003084,1
549,CBQBDS,22.542995,114.1103,10,170,1451003143,1
550,CBQBDS,22.542776,114.11024,0,170,1451003203,1
551,CBQBDS,22.541302,114.111206,33,170,1451003263,1
552,CBQBDS,22.53668,114.112206,32,160,1451003323,1
553,CBQBDS,22.53605,114.11285,0,0,1451003383,0
554,CBQBDS,22.53605,114.11285,0,0,1451003440,0
555,CBQBDS,22.53709,114.11217,32,340,1451003443,0
556,CBQBDS,22.538702,114.11183,10,150,1451003504,0
557,CBQBDS,22.53847,114.1119,0,170,1451003563,0
558,CBQBDS,22.538267,114.11192,0,170,1451003623,0
559,CBQBDS,22.538248,114.11191,0,170,1451003683,0
560,CBQBDS,22.537685,114.11196,10,160,1451003744,0
561,CBQBDS,22.537508,114.112114,0,150,1451003803,0
562,CBQBDS,22.53725,114.1122,0,140,1451003863,0
563,CBQBDS,22.536997,114.11218,14,140,1451003923,0
564,CBQBDS,22.536997,114.11218,14,140,1451004045,0
565,CBQBDS,22.534393,114.113304,7,0,1451004473,0
566,CBQBDS,22.533707,114.1134,8,240,1451004474,1
567,CBQBDS,22.535694,114.11594,37,50,1451004475,1
568,CBQBDS,22.537956,114.11889,47,50,1451004527,1
569,CBQBDS,22.538383,114.120224,7,50,1451004583,1
570,CBQBDS,22.541443,114.12504,49,40,1451004642,1
571,CBQBDS,22.541443,114.12504,49,40,1451004651,1
572,CBQBDS,22.544596,114.12622,0,0,1451004748,1
573,CBQBDS,22.5446,114.12622,0,0,1451004763,1
574,CBQBDS,22.546013,114.126076,43,350,1451004823,1
575,CBQBDS,22.547523,114.12594,0,0,1451004919,1
576,CBQBDS,22.548412,114.125916,40,0,1451004943,1
577,CBQBDS,22.550303,114.128426,6,70,1451005003,1
578,CBQBDS,22.55272,114.13005,8,10,1451005063,1
579,CBQBDS,22.553102,114.129745,2,20,1451005133,1
580,CBQBDS,22.55334,114.12917,0,0,1451005184,0
581,CBQBDS,22.55285,114.12922,6,60,1451005256,0
582,CBQBDS,22.553217,114.12965,1,0,1451005303,0
583,CBQBDS,22.55495,114.132355,30,30,1451005363,0
584,CBQBDS,22.55748,114.13425,13,20,1451005423,1
585,CBQBDS,22.558271,114.13501,0,30,1451005483,1
586,CBQBDS,22.558287,114.135056,0,30,1451005547,1
587,CBQBDS,22.561466,114.137,44,30,1451005603,1
588,CBQBDS,22.56418,114.13596,29,310,1451005663,1
589,CBQBDS,22.56566,114.13516,0,30,1451005736,1
590,CBQBDS,22.565912,114.13544,14,40,1451005783,1
591,CBQBDS,22.566767,114.13583,0,30,1451005843,1
592,CBQBDS,22.566767,114.13583,0,30,1451005854,1
593,CBQBDS,22.566868,114.13575,0,30,1451005903,1
594,CBQBDS,22.567032,114.13589,4,210,1451005962,0
595,CBQBDS,22.564354,114.13398,51,210,1451006023,1
596,CBQBDS,22.562359,114.13219,17,210,1451006083,1
597,CBQBDS,22.562347,114.13211,0,210,1451006143,1
598,CBQBDS,22.561743,114.13164,39,200,1451006203,1
599,CBQBDS,22.554066,114.12666,47,210,1451006269,1
600,CBQBDS,22.552992,114.12598,0,200,1451006323,1
601,CBQBDS,22.550982,114.125725,12,180,1451006383,1
602,CBQBDS,22.55021,114.12596,0,170,1451006443,1
603,CBQBDS,22.55021,114.12596,0,170,1451006461,1
604,CBQBDS,22.548697,114.12628,27,170,1451006503,1
605,CBQBDS,22.545277,114.12605,0,170,1451006563,1
606,CBQBDS,22.54527,114.12588,0,320,1451006623,1
607,CBQBDS,22.542376,114.12636,33,50,1451006685,1
608,CBQBDS,22.543741,114.129906,0,150,1451006743,1
609,CBQBDS,22.54406,114.13069,0,60,1451006802,0
610,CBQBDS,22.54403,114.129845,14,320,1451006863,1
611,CBQBDS,22.541985,114.1254,12,210,1451006923,1
612,CBQBDS,22.541533,114.121315,34,280,1451006983,1
613,CBQBDS,22.541533,114.121315,34,280,1451007069,1
614,CBQBDS,22.54267,114.12063,0,50,1451007167,0
615,CBQBDS,22.544596,114.12166,10,0,1451007213,0
616,CBQBDS,22.541952,114.120636,32,200,1451007213,1
617,CBQBDS,22.5418,114.120384,0,200,1451007222,1
618,CBQBDS,22.540224,114.119415,2,170,1451007335,1
619,CBQBDS,22.53999,114.11917,13,240,1451007348,1
620,CBQBDS,22.539377,114.1141,36,250,1451007409,1
621,CBQBDS,22.537329,114.10727,36,250,1451007468,1
622,CBQBDS,22.538506,114.10545,6,60,1451007529,1
623,CBQBDS,22.53887,114.106064,0,40,1451007647,1
624,CBQBDS,22.53887,114.106064,0,40,1451007688,1
625,CBQBDS,22.539194,114.10599,0,30,1451007707,1
626,CBQBDS,22.539927,114.1066,0,10,1451007832,1
627,CBQBDS,22.54013,114.10662,0,0,1451007906,1
628,CBQBDS,22.540337,114.106606,6,350,1451007961,1
629,CBQBDS,22.540451,114.10659,1,340,1451008010,1
630,CBQBDS,22.540434,114.106606,0,340,1451008111,1
631,CBQBDS,22.540436,114.10658,0,340,1451008131,1
632,CBQBDS,22.54048,114.106544,0,340,1451008188,1
633,CBQBDS,22.5404,114.10658,0,340,1451008248,1
634,CBQBDS,22.5404,114.10658,0,340,1451008295,1
635,CBQBDS,22.540987,114.10652,0,350,1451008600,1
636,CBQBDS,22.540874,114.10655,1,350,1451008600,1
637,CBQBDS,22.541002,114.10678,0,350,1451008600,1
638,CBQBDS,22.541018,114.10678,0,350,1451008612,1
639,CBQBDS,22.541393,114.10703,6,60,1451008667,1
640,CBQBDS,22.54144,114.10792,3,80,1451008728,1
641,CBQBDS,22.541925,114.108284,1,90,1451008788,1
642,CBQBDS,22.542068,114.10858,0,110,1451008848,1
643,CBQBDS,22.542068,114.10858,0,110,1451008900,1
644,CBQBDS,22.54191,114.10864,0,110,1451008908,1
645,CBQBDS,22.541916,114.10876,0,110,1451008968,1
646,CBQBDS,22.541727,114.108986,0,80,1451009030,1
647,CBQBDS,22.541918,114.109764,0,60,1451009088,1
648,CBQBDS,22.542137,114.109886,0,60,1451009148,1
649,CBQBDS,22.541994,114.11022,12,70,1451009208,1
650,CBQBDS,22.538204,114.11196,55,170,1451009267,1
651,CBQBDS,22.538204,114.11196,55,170,1451009507,1
652,CBQBDS,22.540445,114.11166,47,350,1451009806,1
653,CBQBDS,22.541645,114.11155,0,350,1451009807,1
654,CBQBDS,22.543365,114.11128,1,350,1451009808,1
655,CBQBDS,22.545668,114.112274,14,70,1451009809,1
656,CBQBDS,22.545885,114.11328,6,80,1451009868,1
657,CBQBDS,22.5453,114.10895,44,260,1451009928,1
658,CBQBDS,22.545416,114.10639,0,330,1451009996,1
659,CBQBDS,22.54518,114.10634,6,150,1451010047,1
660,CBQBDS,22.545223,114.10643,0,150,1451010107,1
661,CBQBDS,22.545223,114.10643,0,150,1451010112,1
662,CBQBDS,22.54352,114.10648,9,170,1451010168,1
663,CBQBDS,22.54291,114.10411,23,250,1451010228,0
664,CBQBDS,22.543,114.10188,6,170,1451010334,0
665,CBQBDS,22.541655,114.10184,2,160,1451010347,1
666,CBQBDS,22.54122,114.10031,0,260,1451010407,1
667,CBQBDS,22.539377,114.09968,52,170,1451010467,1
668,CBQBDS,22.537426,114.08243,45,260,1451010587,1
669,CBQBDS,22.533308,114.078125,43,200,1451010649,1
670,CBQBDS,22.531977,114.07185,51,260,1451010715,1
671,CBQBDS,22.531977,114.07185,51,260,1451010718,1
672,CBQBDS,22.538652,114.06814,65,350,1451010768,1
673,CBQBDS,22.544819,114.06826,5,330,1451010828,1
674,CBQBDS,22.546936,114.06793,0,0,1451010896,1
675,CBQBDS,22.54698,114.06788,0,0,1451010948,1
676,CBQBDS,22.5505,114.06776,35,350,1451011021,1
677,CBQBDS,22.551027,114.06776,22,320,1451011068,1
678,CBQBDS,22.551405,114.06451,0,290,1451011127,0
679,CBQBDS,22.55153,114.06313,0,270,1451011229,1
680,CBQBDS,22.551535,114.06314,0,270,1451011311,1
681,CBQBDS,22.55143,114.05488,64,260,1451011312,1
682,CBQBDS,22.55143,114.05488,64,260,1451011324,1
683,CBQBDS,22.551216,114.04986,56,260,1451011386,1
684,CBQBDS,22.553602,114.04432,66,350,1451011427,1
685,CBQBDS,22.556114,114.04409,0,340,1451011487,1
686,CBQBDS,22.556818,114.04384,7,340,1451011547,1
687,CBQBDS,22.561502,114.0412,53,330,1451011607,1
688,CBQBDS,22.566074,114.03648,33,330,1451011672,1
689,CBQBDS,22.567354,114.035774,0,330,1451011773,1
690,CBQBDS,22.567926,114.03532,5,290,1451011795,1
691,CBQBDS,22.56673,114.03348,0,210,1451011847,1
692,CBQBDS,22.565584,114.03301,0,180,1451011912,0
693,CBQBDS,22.565584,114.03301,0,180,1451011930,0
694,CBQBDS,22.565483,114.03297,1,350,1451011967,0
695,CBQBDS,22.566387,114.03298,0,0,1451012027,0
696,CBQBDS,22.566381,114.03597,23,150,1451012087,0
697,CBQBDS,22.565083,114.03917,36,150,1451012147,1
698,CBQBDS,22.563742,114.04172,60,70,1451012207,1
699,CBQBDS,22.564796,114.05195,74,90,1451012267,1
700,CBQBDS,22.567238,114.06026,42,70,1451012327,1
701,CBQBDS,22.569519,114.06206,43,340,1451012388,1
702,CBQBDS,22.57508,114.06095,48,340,1451012447,1
703,CBQBDS,22.578417,114.06061,48,270,1451012507,1
704,CBQBDS,22.578417,114.06061,48,270,1451012535,1
705,CBQBDS,22.58119,114.05487,38,330,1451012567,1
706,CBQBDS,22.589106,114.05105,58,310,1451012644,1
707,CBQBDS,22.597795,114.04633,46,0,1451012706,1
708,CBQBDS,22.604548,114.04432,39,80,1451012752,1
709,CBQBDS,22.60379,114.04174,51,310,1451012807,1
710,CBQBDS,22.61085,114.03599,30,320,1451012867,1
711,CBQBDS,22.612675,114.03442,52,310,1451012927,1
712,CBQBDS,22.618418,114.02988,52,330,1451012987,1
713,CBQBDS,22.624134,114.02775,0,340,1451013047,0
714,CBQBDS,22.626863,114.02686,42,340,1451013107,0
715,CBQBDS,22.626863,114.02686,42,340,1451013141,0
716,CBQBDS,22.627441,114.02985,6,60,1451013167,0
717,CBQBDS,22.630426,114.03178,3,40,1451013227,0
718,CBQBDS,22.628798,114.03306,26,150,1451013301,0
719,CBQBDS,22.625692,114.0343,0,200,1451013348,0
720,CBQBDS,22.625784,114.034424,0,200,1451013407,0
721,CBQBDS,22.623274,114.03508,34,150,1451013467,0
722,CBQBDS,22.617723,114.03685,11,150,1451013528,0
723,CBQBDS,22.614704,114.03847,0,150,1451013587,0
724,CBQBDS,22.614504,114.03872,24,150,1451013647,0
725,CBQBDS,22.610119,114.040535,15,170,1451013710,0
726,CBQBDS,22.610119,114.040535,15,170,1451013747,0
727,CBQBDS,22.60814,114.03961,0,240,1451013767,0
728,CBQBDS,22.60753,114.038734,24,220,1451013827,0
729,CBQBDS,22.603094,114.04209,40,140,1451013887,0
730,CBQBDS,22.599274,114.044266,19,170,1451013957,0
731,CBQBDS,22.597178,114.044914,0,100,1451014018,0
732,CBQBDS,22.595608,114.046486,9,140,1451014067,0
733,CBQBDS,22.594584,114.04705,1,150,1451014127,0
734,CBQBDS,22.5939,114.04743,8,150,1451014195,0
735,CBQBDS,22.59132,114.048874,53,150,1451014247,0
736,CBQBDS,22.583735,114.05348,64,160,1451014314,0
737,CBQBDS,22.583735,114.05348,64,160,1451014353,0
738,CBQBDS,22.578026,114.060814,69,90,1451014367,0
739,CBQBDS,22.572716,114.06743,60,170,1451014428,0
740,CBQBDS,22.570053,114.06636,14,230,1451014487,1
741,CBQBDS,22.569057,114.06541,13,220,1451014547,1
742,CBQBDS,22.566046,114.0573,69,240,1451014607,1
743,CBQBDS,22.565075,114.045364,79,260,1451014712,1
744,CBQBDS,22.56363,114.039856,38,150,1451014759,1
745,CBQBDS,22.557749,114.04319,0,150,1451014788,1
746,CBQBDS,22.553865,114.0441,58,170,1451014847,1
747,CBQBDS,22.54792,114.04425,44,170,1451014912,1
748,CBQBDS,22.54792,114.04425,44,170,1451014959,1
749,CBQBDS,22.53846,114.044334,60,170,1451014967,1
750,CBQBDS,22.537296,114.04698,51,90,1451015035,1
751,CBQBDS,22.537243,114.05095,1,140,1451015087,1
752,CBQBDS,22.537287,114.05312,0,80,1451015147,1
753,CBQBDS,22.53746,114.05353,0,20,1451015207,0
754,CBQBDS,22.539244,114.05331,0,350,1451015267,0
755,CBQBDS,22.538734,114.05258,0,190,1451015331,0
756,CBQBDS,22.537582,114.05258,6,170,1451015410,0
757,CBQBDS,22.536997,114.05034,33,260,1451015447,1
758,CBQBDS,22.537405,114.04806,11,270,1451015507,1
759,CBQBDS,22.5406,114.04443,47,350,1451015573,1
760,CBQBDS,22.5406,114.04443,47,350,1451015590,1
761,CBQBDS,22.548235,114.04433,25,350,1451015627,1
762,CBQBDS,22.548914,114.04432,1,350,1451015687,1
763,CBQBDS,22.549248,114.04433,14,350,1451015747,1
764,CBQBDS,22.549936,114.04431,0,350,1451015807,1
765,CBQBDS,22.54997,114.0443,0,350,1451015867,1
766,CBQBDS,22.550165,114.04215,31,250,1451015927,1
767,CBQBDS,22.549421,114.03983,16,210,1451015987,1
768,CBQBDS,22.548365,114.03983,18,170,1451016047,0
769,CBQBDS,22.54544,114.03986,28,180,1451016107,0
770,CBQBDS,22.54449,114.04072,0,70,1451016167,0
771,CBQBDS,22.54449,114.04072,0,70,1451016196,0
772,CBQBDS,22.544676,114.041435,0,70,1451016227,0
773,CBQBDS,22.544537,114.043785,8,110,1451016287,1
774,CBQBDS,22.541357,114.043495,29,170,1451016347,1
775,CBQBDS,22.535566,114.04445,59,170,1451016407,1
776,CBQBDS,22.53116,114.04058,59,260,1451016467,1
777,CBQBDS,22.530615,114.02906,70,280,1451016549,1
778,CBQBDS,22.532377,114.02074,31,260,1451016635,1
779,CBQBDS,22.53263,114.01744,1,0,1451016647,0
780,CBQBDS,22.532482,114.015724,28,250,1451016711,0
781,CBQBDS,22.535933,114.0132,44,280,1451016772,0
782,CBQBDS,22.535933,114.0132,44,280,1451016801,0
783,CBQBDS,22.534754,114.00975,5,320,1451016828,0
784,CBQBDS,22.53497,114.00993,13,30,1451016888,0
785,CBQBDS,22.53497,114.00993,13,30,1451016909,0
786,CBQBDS,22.53497,114.00993,13,30,1451016947,0
787,CBQBDS,22.53497,114.00993,13,30,1451017007,0
788,CBQBDS,22.53497,114.00993,13,30,1451017067,0
789,CBQBDS,22.53497,114.00993,13,30,1451017127,0
790,CBQBDS,22.53497,114.00993,13,30,1451017187,0
791,CBQBDS,22.53497,114.00993,13,30,1451017247,0
792,CBQBDS,22.53497,114.00993,13,30,1451017308,0
793,CBQBDS,22.53497,114.00993,13,30,1451017371,0
794,CBQBDS,22.53497,114.00993,13,30,1451017407,0
795,CBQBDS,22.53497,114.00993,13,30,1451017432,0
796,CBQBDS,22.53497,114.00993,13,30,1451017487,0
797,CBQBDS,22.53497,114.00993,13,30,1451017547,0
798,CBQBDS,22.53497,114.00993,13,30,1451017623,0
799,CBQBDS,22.53497,114.00993,13,30,1451017668,0
800,CBQBDS,22.53497,114.00993,13,30,1451017727,0
801,CBQBDS,22.53497,114.00993,13,30,1451017787,0
802,CBQBDS,22.53497,114.00993,13,30,1451017848,0
803,CBQBDS,22.53497,114.00993,13,30,1451017907,0
804,CBQBDS,22.53497,114.00993,13,30,1451017968,0
805,CBQBDS,22.53497,114.00993,13,30,1451018014,0
806,CBQBDS,22.53497,114.00993,13,30,1451018028,0
807,CBQBDS,22.53497,114.00993,13,30,1451018087,0
808,CBQBDS,22.53497,114.00993,13,30,1451018147,0
809,CBQBDS,22.53497,114.00993,13,30,1451018207,0
810,CBQBDS,22.53497,114.00993,13,30,1451018269,0
811,CBQBDS,22.53497,114.00993,13,30,1451018328,0
812,CBQBDS,22.53497,114.00993,13,30,1451018387,0
813,CBQBDS,22.53497,114.00993,13,30,1451018447,0
814,CBQBDS,22.53497,114.00993,13,30,1451018507,0
815,CBQBDS,22.53497,114.00993,13,30,1451018567,0
816,CBQBDS,22.53497,114.00993,13,30,1451018619,0
817,CBQBDS,22.53497,114.00993,13,30,1451018628,0
818,CBQBDS,22.53497,114.00993,13,30,1451018687,0
819,CBQBDS,22.53497,114.00993,13,30,1451018747,0
820,CBQBDS,22.53497,114.00993,13,30,1451018807,0
821,CBQBDS,22.53497,114.00993,13,30,1451018867,0
822,CBQBDS,22.53497,114.00993,13,30,1451018929,0
823,CBQBDS,22.53497,114.00993,13,30,1451018987,0
824,CBQBDS,22.53497,114.00993,13,30,1451019047,0
825,CBQBDS,22.53497,114.00993,13,30,1451019108,0
826,CBQBDS,22.53497,114.00993,13,30,1451019168,0
827,CBQBDS,22.53497,114.00993,13,30,1451019223,0
828,CBQBDS,22.53497,114.00993,13,30,1451019227,0
829,CBQBDS,22.534199,114.00817,40,270,1451019287,0
830,CBQBDS,22.534147,114.00633,13,110,1451019348,0
831,CBQBDS,22.533289,114.011925,33,150,1451019409,0
832,CBQBDS,22.530212,114.01257,29,70,1451019467,0
833,CBQBDS,22.531368,114.01823,32,70,1451019526,0
834,CBQBDS,22.531805,114.02031,0,90,1451019591,0
835,CBQBDS,22.531927,114.020424,0,0,1451019647,0
836,CBQBDS,22.531996,114.02044,0,0,1451019707,0
837,CBQBDS,22.53205,114.02044,0,0,1451019767,0
838,CBQBDS,22.53201,114.02044,0,0,1451019827,0
839,CBQBDS,22.531904,114.020454,0,0,1451019882,0
840,CBQBDS,22.531906,114.020485,0,0,1451019887,0
841,CBQBDS,22.531971,114.02053,0,0,1451019961,0
842,CBQBDS,22.531977,114.02052,0,0,1451019965,0
843,CBQBDS,22.532131,114.02056,0,70,1451020007,0
844,CBQBDS,22.531988,114.02052,0,70,1451020067,0
845,CBQBDS,22.531797,114.02052,0,70,1451020127,0
846,CBQBDS,22.53177,114.0206,0,90,1451020187,0
847,CBQBDS,22.531418,114.02472,53,100,1451020291,1
848,CBQBDS,22.530312,114.03553,71,80,1451020308,1
849,CBQBDS,22.531185,114.04474,38,80,1451020367,1
850,CBQBDS,22.534363,114.04465,56,0,1451020427,1
851,CBQBDS,22.539408,114.04716,30,80,1451020497,1
852,CBQBDS,22.539366,114.04761,0,80,1451020547,1
853,CBQBDS,22.539549,114.04759,0,340,1451020607,0
854,CBQBDS,22.53951,114.047386,1,330,1451020667,0
855,CBQBDS,22.539587,114.04752,1,330,1451020727,0
856,CBQBDS,22.53957,114.04749,2,330,1451020733,0
857,CBQBDS,22.539598,114.047646,0,330,1451020787,0
858,CBQBDS,22.539598,114.047646,0,330,1451020834,0
859,CBQBDS,22.539692,114.04789,0,330,1451020847,0
860,CBQBDS,22.539742,114.047745,0,330,1451020907,0
861,CBQBDS,22.539827,114.04785,0,330,1451020967,0
862,CBQBDS,22.539907,114.04793,0,330,1451021026,0
863,CBQBDS,22.539787,114.04783,0,330,1451021087,0
864,CBQBDS,22.539787,114.04775,0,330,1451021147,0
865,CBQBDS,22.539825,114.047615,0,330,1451021207,0
866,CBQBDS,22.539736,114.04736,0,330,1451021267,0
867,CBQBDS,22.540335,114.04765,23,340,1451021327,0
868,CBQBDS,22.541,114.048454,6,320,1451021386,0
869,CBQBDS,22.540422,114.04814,6,170,1451021447,1
870,CBQBDS,22.539158,114.048004,25,170,1451021507,1
871,CBQBDS,22.537346,114.043816,44,260,1451021567,1
872,CBQBDS,22.531137,114.04446,35,170,1451021627,1
873,CBQBDS,22.531227,114.04759,40,80,1451021687,1
874,CBQBDS,22.531528,114.05574,70,80,1451021747,1
875,CBQBDS,22.531723,114.06713,69,80,1451021813,1
876,CBQBDS,22.532106,114.07719,42,60,1451021867,1
877,CBQBDS,22.537302,114.08272,60,80,1451021927,1
878,CBQBDS,22.538054,114.0924,63,90,1451021992,1
879,CBQBDS,22.538054,114.0924,63,90,1451022045,1
880,CBQBDS,22.538082,114.10174,42,80,1451022067,1
881,CBQBDS,22.53829,114.10563,45,40,1451022114,1
882,CBQBDS,22.541058,114.1068,0,350,1451022167,1
883,CBQBDS,22.54123,114.10677,12,350,1451022227,1
884,CBQBDS,22.544935,114.107994,52,70,1451022287,1
885,CBQBDS,22.54301,114.110054,0,190,1451022387,0
886,CBQBDS,22.542492,114.11021,12,160,1451022407,0
887,CBQBDS,22.541489,114.1073,26,260,1451022469,0
888,CBQBDS,22.544157,114.10629,29,350,1451022527,1
889,CBQBDS,22.545666,114.11231,27,80,1451022589,1
890,CBQBDS,22.54594,114.1137,0,70,1451022647,1
891,CBQBDS,22.54594,114.1137,0,70,1451022649,1
892,CBQBDS,22.545904,114.117226,40,160,1451022707,1
893,CBQBDS,22.543419,114.11825,0,140,1451022767,0
894,CBQBDS,22.542042,114.11821,3,0,1451022827,0
895,CBQBDS,22.54072,114.11816,1,150,1451022887,0
896,CBQBDS,22.540604,114.11927,0,50,1451022947,0
897,CBQBDS,22.541082,114.11969,10,20,1451023007,1
898,CBQBDS,22.540512,114.11931,0,230,1451023067,1
899,CBQBDS,22.53984,114.118416,35,240,1451023127,1
900,CBQBDS,22.53772,114.10958,70,260,1451023189,1
901,CBQBDS,22.53813,114.10346,16,280,1451023247,1
902,CBQBDS,22.53813,114.10346,16,280,1451023255,1
903,CBQBDS,22.537464,114.08454,67,260,1451023367,1
904,CBQBDS,22.5341,114.07824,48,200,1451023427,1
905,CBQBDS,22.53226,114.076996,18,230,1451023487,0
906,CBQBDS,22.532856,114.07475,1,20,1451023547,0
907,CBQBDS,22.534042,114.075745,18,30,1451023607,1
908,CBQBDS,22.535349,114.076675,24,30,1451023666,1
909,CBQBDS,22.537186,114.07721,9,310,1451023727,1
910,CBQBDS,22.538464,114.0775,4,350,1451023787,1
911,CBQBDS,22.539942,114.07748,33,350,1451023847,1
912,CBQBDS,22.539942,114.07748,33,350,1451023860,1
913,CBQBDS,22.541431,114.0759,6,350,1451023907,1
914,CBQBDS,22.543005,114.07616,0,0,1451023967,1
915,CBQBDS,22.542934,114.07619,0,0,1451024027,1
916,CBQBDS,22.544857,114.07629,37,0,1451024087,1
917,CBQBDS,22.546232,114.07629,0,0,1451024147,1
918,CBQBDS,22.546991,114.07683,4,0,1451024224,1
919,CBQBDS,22.547083,114.07731,6,100,1451024273,1
920,CBQBDS,22.547186,114.07928,10,80,1451024326,1
921,CBQBDS,22.547316,114.08048,23,70,1451024395,1
922,CBQBDS,22.547295,114.08157,17,90,1451024447,1
923,CBQBDS,22.547295,114.08157,17,90,1451024465,1
924,CBQBDS,22.547188,114.08389,0,100,1451024508,1
925,CBQBDS,22.546793,114.0842,2,180,1451024566,1
926,CBQBDS,22.545965,114.084145,0,170,1451024626,1
927,CBQBDS,22.544197,114.0841,5,170,1451024687,1
928,CBQBDS,22.543322,114.08089,21,270,1451024747,1
929,CBQBDS,22.543146,114.07654,0,260,1451024807,1
930,CBQBDS,22.543118,114.07071,74,260,1451024867,1
931,CBQBDS,22.542774,114.05759,84,260,1451024927,1
932,CBQBDS,22.542667,114.04711,19,250,1451024987,1
933,CBQBDS,22.54369,114.04382,25,40,1451025046,1
934,CBQBDS,22.54369,114.04382,25,40,1451025071,1
935,CBQBDS,22.535343,114.0444,38,170,1451025152,1
936,CBQBDS,22.527927,114.044876,24,170,1451025177,1
937,CBQBDS,22.527452,114.043396,0,280,1451025226,1
938,CBQBDS,22.527082,114.04182,11,270,1451025286,1
939,CBQBDS,22.52727,114.038506,21,270,1451025347,1
940,CBQBDS,22.528053,114.03417,9,290,1451025412,1
941,CBQBDS,22.529428,114.033905,1,0,1451025466,0
942,CBQBDS,22.53029,114.03609,29,80,1451025527,0
943,CBQBDS,22.530712,114.0406,0,0,1451025586,0
944,CBQBDS,22.53074,114.04065,0,0,1451025646,0
945,CBQBDS,22.53074,114.04065,0,0,1451025676,0
946,CBQBDS,22.53079,114.04069,0,0,1451025706,0
947,CBQBDS,22.53104,114.042755,34,80,1451025766,1
948,CBQBDS,22.53094,114.04483,25,350,1451025826,1
949,CBQBDS,22.539335,114.04743,16,90,1451025946,1
950,CBQBDS,22.538944,114.04778,0,0,1451026006,1
951,CBQBDS,22.540533,114.04773,0,350,1451026066,0
952,CBQBDS,22.541431,114.047745,22,0,1451026174,0
953,CBQBDS,22.541145,114.04926,0,90,1451026186,0
954,CBQBDS,22.541082,114.04947,0,90,1451026246,0
955,CBQBDS,22.540606,114.04959,3,230,1451026311,0
956,CBQBDS,22.540745,114.04783,0,0,1451026366,1
957,CBQBDS,22.540745,114.04783,0,0,1451026433,1
958,CBQBDS,22.54062,114.04786,0,0,1451026472,0
959,CBQBDS,22.54003,114.04784,0,170,1451026486,0
960,CBQBDS,22.53938,114.04899,28,80,1451026546,0
961,CBQBDS,22.540655,114.049255,12,240,1451026606,0
962,CBQBDS,22.541052,114.04789,8,340,1451026697,0
963,CBQBDS,22.54062,114.04778,0,180,1451026765,1
964,CBQBDS,22.539213,114.047905,29,170,1451026786,1
965,CBQBDS,22.536955,114.043335,44,190,1451026872,1
966,CBQBDS,22.535841,114.04371,44,320,1451026907,1
967,CBQBDS,22.538786,114.043655,1,0,1451026966,1
968,CBQBDS,22.54014,114.04311,0,210,1451027026,0
969,CBQBDS,22.54014,114.04311,0,210,1451027040,0
970,CBQBDS,22.539652,114.04359,28,180,1451027086,0
971,CBQBDS,22.535141,114.043945,42,170,1451027152,0
972,CBQBDS,22.533735,114.04134,17,250,1451027215,0
973,CBQBDS,22.533863,114.04205,0,60,1451027266,0
974,CBQBDS,22.533648,114.044304,29,170,1451027326,1
975,CBQBDS,22.53111,114.044464,34,80,1451027386,1
976,CBQBDS,22.531435,114.0519,36,80,1451027446,1
977,CBQBDS,22.53158,114.06176,68,80,1451027506,1
978,CBQBDS,22.531687,114.07224,41,80,1451027569,1
979,CBQBDS,22.530922,114.074905,0,180,1451027627,0
980,CBQBDS,22.530922,114.074905,0,180,1451027643,0
981,CBQBDS,22.530605,114.072426,15,270,1451027687,0
982,CBQBDS,22.53188,114.07694,43,70,1451027747,0
983,CBQBDS,22.535843,114.07969,0,40,1451027806,0
984,CBQBDS,22.537249,114.08608,48,80,1451027866,1
985,CBQBDS,22.53787,114.094124,42,90,1451027927,1
986,CBQBDS,22.538082,114.09783,22,80,1451027986,1
987,CBQBDS,22.537987,114.099106,8,80,1451028060,1
988,CBQBDS,22.537838,114.10008,7,70,1451028107,1
989,CBQBDS,22.537855,114.10157,4,70,1451028167,1
990,CBQBDS,22.538025,114.10312,23,80,1451028227,1
991,CBQBDS,22.538025,114.10312,23,80,1451028246,1
992,CBQBDS,22.537449,114.10903,8,40,1451028347,1
993,CBQBDS,22.535254,114.11099,30,170,1451028407,1
994,CBQBDS,22.531834,114.11395,3,0,1451028484,1
995,CBQBDS,22.545223,114.11374,35,0,1451028876,1
996,CBQBDS,22.545572,114.11362,6,70,1451028887,1
997,CBQBDS,22.546532,114.116875,23,70,1451028947,1
998,CBQBDS,22.549223,114.11639,41,0,1451029007,1
999,CBQBDS,22.550955,114.116875,0,30,1451029067,1
1000,CBQBDS,22.553808,114.11863,26,20,1451029132,1
1001,CBQBDS,22.557877,114.121086,44,310,1451029186,1
1002,CBQBDS,22.560755,114.1196,0,10,1451029246,1
1003,CBQBDS,22.56096,114.11988,0,50,1451029306,1
1004,CBQBDS,22.561008,114.12015,5,40,1451029366,0
1005,CBQBDS,22.56195,114.122604,18,80,1451029427,1
1006,CBQBDS,22.56195,114.122604,18,80,1451029455,1
1007,CBQBDS,22.56018,114.12484,49,170,1451029487,1
1008,CBQBDS,22.558332,114.1236,31,230,1451029546,1
1009,CBQBDS,22.559076,114.11898,51,240,1451029618,1
1010,CBQBDS,22.55919,114.1113,29,350,1451029667,1
1011,CBQBDS,22.555449,114.1098,5,180,1451029727,1
1012,CBQBDS,22.55042,114.11012,0,170,1451029787,1
1013,CBQBDS,22.548695,114.11027,0,180,1451029846,1
1014,CBQBDS,22.548702,114.110275,0,180,1451029907,1
1015,CBQBDS,22.546473,114.10985,44,170,1451029967,1
1016,CBQBDS,22.542809,114.11021,0,170,1451030027,1
1017,CBQBDS,22.542809,114.11021,0,170,1451030060,1
1018,CBQBDS,22.542776,114.11015,0,170,1451030087,1
1019,CBQBDS,22.539577,114.11061,26,170,1451030146,1
1020,CBQBDS,22.53724,114.107086,38,250,1451030207,1
1021,CBQBDS,22.53767,114.104996,7,300,1451030267,1
1022,CBQBDS,22.538189,114.10358,14,280,1451030327,1
1023,CBQBDS,22.538296,114.09665,8,260,1451030447,1
1024,CBQBDS,22.53834,114.09499,7,270,1451030506,1
1025,CBQBDS,22.538322,114.09343,17,270,1451030568,1
1026,CBQBDS,22.538237,114.09147,1,290,1451030627,1
1027,CBQBDS,22.538237,114.09147,1,290,1451030665,1
1028,CBQBDS,22.537966,114.09,10,250,1451030692,1
1029,CBQBDS,22.537756,114.08842,5,260,1451030746,1
1030,CBQBDS,22.537655,114.08759,1,260,1451030899,1
1031,CBQBDS,22.537628,114.08698,4,260,1451030902,1
1032,CBQBDS,22.537642,114.0862,5,270,1451030928,1
1033,CBQBDS,22.537584,114.08341,17,250,1451031019,1
1034,CBQBDS,22.537386,114.08192,8,230,1451031046,1
1035,CBQBDS,22.536787,114.08029,17,230,1451031106,1
1036,CBQBDS,22.534931,114.07878,6,200,1451031166,1
1037,CBQBDS,22.532255,114.07698,22,240,1451031226,1
1038,CBQBDS,22.532255,114.07698,22,240,1451031270,1
1039,CBQBDS,22.532034,114.07259,0,260,1451031286,1
1040,CBQBDS,22.532948,114.072136,36,350,1451031347,0
1041,CBQBDS,22.534237,114.07208,8,250,1451031406,0
1042,CBQBDS,22.531971,114.070274,26,270,1451031466,1
1043,CBQBDS,22.531942,114.06645,2,270,1451031526,1
1044,CBQBDS,22.531965,114.06359,34,270,1451031586,1
1045,CBQBDS,22.531626,114.05677,43,260,1451031646,1
1046,CBQBDS,22.53154,114.0523,31,260,1451031710,1
1047,CBQBDS,22.531452,114.045525,65,260,1451031779,1
1048,CBQBDS,22.530437,114.035034,66,260,1451031826,1
1049,CBQBDS,22.530437,114.035034,66,260,1451031875,1
1050,CBQBDS,22.531694,114.02418,61,280,1451031906,1
1051,CBQBDS,22.531897,114.018326,30,250,1451031951,1
1052,CBQBDS,22.529955,114.01023,60,250,1451032006,1
1053,CBQBDS,22.53,114.000015,70,260,1451032071,1
1054,CBQBDS,22.525543,113.99088,54,240,1451032208,1
1055,CBQBDS,22.523191,113.98256,64,260,1451032209,1
1056,CBQBDS,22.52288,113.97053,70,260,1451032246,1
1057,CBQBDS,22.522865,113.95941,66,270,1451032356,1
1058,CBQBDS,22.523628,113.95233,62,270,1451032366,1
1059,CBQBDS,22.524586,113.940605,75,270,1451032427,1
1060,CBQBDS,22.524586,113.940605,75,270,1451032479,1
1061,CBQBDS,22.524721,113.93495,5,270,1451032489,1
1062,CBQBDS,22.52476,113.93384,4,270,1451032546,1
1063,CBQBDS,22.524773,113.93304,3,290,1451032606,1
1064,CBQBDS,22.524923,113.93112,19,280,1451032666,1
1065,CBQBDS,22.527233,113.93026,23,20,1451032727,1
1066,CBQBDS,22.52777,113.93037,0,20,1451032786,1
1067,CBQBDS,22.532661,113.93394,61,40,1451032846,1
1068,CBQBDS,22.534975,113.93705,16,60,1451032906,1
1069,CBQBDS,22.530924,113.931854,37,210,1451032966,1
1070,CBQBDS,22.530098,113.931244,0,200,1451033026,0
1071,CBQBDS,22.530098,113.931244,0,200,1451033083,0
1072,CBQBDS,22.529856,113.93112,11,200,1451033086,0
1073,CBQBDS,22.529554,113.93096,0,200,1451033146,0
1074,CBQBDS,22.5293,113.93084,0,200,1451033211,0
1075,CBQBDS,22.528572,113.93046,0,200,1451033266,0
1076,CBQBDS,22.528536,113.93042,8,220,1451033326,0
1077,CBQBDS,22.528282,113.92927,7,270,1451033393,0
1078,CBQBDS,22.528418,113.92768,0,270,1451033446,0
1079,CBQBDS,22.52875,113.92591,15,270,1451033517,1
1080,CBQBDS,22.530617,113.924614,21,10,1451033566,1
1081,CBQBDS,22.532867,113.925735,24,20,1451033626,1
1082,CBQBDS,22.537,113.92713,29,0,1451033687,1
1083,CBQBDS,22.540518,113.92713,8,350,1451033748,1
1084,CBQBDS,22.545868,113.92726,58,10,1451033806,1
1085,CBQBDS,22.55291,113.92883,10,0,1451033867,1
1086,CBQBDS,22.553802,113.92947,11,40,1451033926,1
1087,CBQBDS,22.5549,113.93095,14,70,1451033986,1
1088,CBQBDS,22.555115,113.93358,39,80,1451034046,1
1089,CBQBDS,22.555395,113.93789,52,90,1451034106,1
1090,CBQBDS,22.555859,113.948425,66,70,1451034171,1
1091,CBQBDS,22.556456,113.95714,22,80,1451034226,1
1092,CBQBDS,22.556852,113.96261,44,70,1451034286,1
1093,CBQBDS,22.556852,113.96261,44,70,1451034291,1
1094,CBQBDS,22.557213,113.97085,57,100,1451034346,1
1095,CBQBDS,22.556849,113.9768,48,80,1451034409,1
1096,CBQBDS,22.558922,113.9859,54,70,1451034466,1
1097,CBQBDS,22.556292,113.99528,57,110,1451034527,1
1098,CBQBDS,22.555998,114.003746,50,70,1451034586,1
1099,CBQBDS,22.55962,114.01276,68,70,1451034646,1
1100,CBQBDS,22.562185,114.032814,43,70,1451034825,1
1101,CBQBDS,22.562723,114.03587,41,70,1451034826,1
1102,CBQBDS,22.563267,114.03893,22,70,1451034886,1
1103,CBQBDS,22.563267,114.03893,22,70,1451034894,1
1104,CBQBDS,22.56363,114.04091,9,70,1451034946,1
1105,CBQBDS,22.564203,114.043045,9,70,1451035015,1
1106,CBQBDS,22.564693,114.04461,8,70,1451035100,1
1107,CBQBDS,22.565035,114.04646,13,80,1451035126,1
1108,CBQBDS,22.565048,114.04868,11,90,1451035186,1
1109,CBQBDS,22.564949,114.05064,10,90,1451035252,1
1110,CBQBDS,22.564857,114.05305,23,80,1451035306,1
1111,CBQBDS,22.565346,114.0559,7,70,1451035366,1
1112,CBQBDS,22.566574,114.05866,23,60,1451035427,1
1113,CBQBDS,22.568829,114.06661,56,80,1451035486,1
1114,CBQBDS,22.568829,114.06661,56,80,1451035499,1
1115,CBQBDS,22.571535,114.07524,61,50,1451035546,1
1116,CBQBDS,22.572105,114.0828,42,20,1451035606,1
1117,CBQBDS,22.574434,114.083336,29,330,1451035675,1
1118,CBQBDS,22.577972,114.080444,31,340,1451035728,1
1119,CBQBDS,22.58297,114.078186,29,280,1451035786,1
1120,CBQBDS,22.585447,114.07592,20,320,1451035846,1
1121,CBQBDS,22.58577,114.07165,10,320,1451035906,1
1122,CBQBDS,22.588135,114.07119,6,110,1451035966,1
1123,CBQBDS,22.588158,114.07108,11,260,1451036026,1
1124,CBQBDS,22.585829,114.07162,14,140,1451036086,1
1125,CBQBDS,22.583858,114.07255,19,170,1451036146,1
1126,CBQBDS,22.582912,114.07575,33,140,1451036206,1
1127,CBQBDS,22.581486,114.07937,51,150,1451036266,1
1128,CBQBDS,22.576082,114.0818,35,130,1451036358,1
1129,CBQBDS,22.573746,114.08353,22,180,1451036386,1
1130,CBQBDS,22.573746,114.08353,22,180,1451036425,1
1131,CBQBDS,22.572046,114.08167,35,100,1451036446,1
1132,CBQBDS,22.568846,114.085526,13,150,1451036522,1
1133,CBQBDS,22.566772,114.088524,42,70,1451036566,1
1134,CBQBDS,22.567842,114.09297,25,70,1451036636,1
1135,CBQBDS,22.56923,114.097244,32,60,1451036686,1
1136,CBQBDS,22.570425,114.09977,15,50,1451036746,1
1137,CBQBDS,22.571522,114.10154,11,50,1451036806,1
1138,CBQBDS,22.572554,114.10327,12,50,1451036866,1
1139,CBQBDS,22.573706,114.1052,21,50,1451036926,1
1140,CBQBDS,22.575396,114.10801,28,50,1451036986,1
1141,CBQBDS,22.575396,114.10801,28,50,1451037028,1
1142,CBQBDS,22.576513,114.11474,64,80,1451037115,1
1143,CBQBDS,22.57663,114.12303,3,0,1451037115,1
1144,CBQBDS,22.576752,114.12366,1,70,1451037166,1
1145,CBQBDS,22.576874,114.12495,13,80,1451037226,1
1146,CBQBDS,22.57708,114.12632,7,70,1451037286,1
1147,CBQBDS,22.577135,114.126785,4,80,1451037346,1
1148,CBQBDS,22.577183,114.12695,3,70,1451037406,1
1149,CBQBDS,22.577127,114.12703,0,70,1451037466,0
1150,CBQBDS,22.577198,114.12739,4,80,1451037526,0
1151,CBQBDS,22.577278,114.12847,13,70,1451037586,0
1152,CBQBDS,22.577278,114.12847,13,70,1451037635,0
1153,CBQBDS,22.577509,114.12986,5,0,1451037646,0
1154,CBQBDS,22.577534,114.13044,0,90,1451037706,0
1155,CBQBDS,22.57752,114.13047,0,90,1451037766,0
1156,CBQBDS,22.577524,114.1305,0,90,1451037826,0
1157,CBQBDS,22.577534,114.1307,6,90,1451037886,0
1158,CBQBDS,22.577055,114.13241,5,100,1451037946,0
1159,CBQBDS,22.576769,114.13349,34,100,1451038006,0
1160,CBQBDS,22.571918,114.13808,67,190,1451038066,0
1161,CBQBDS,22.562952,114.140144,59,140,1451038127,0
1162,CBQBDS,22.557022,114.13867,10,250,1451038186,0
1163,CBQBDS,22.557022,114.13867,10,250,1451038241,0
1164,CBQBDS,22.557074,114.138626,0,0,1451038246,0
1165,CBQBDS,22.556995,114.13668,0,310,1451038306,0
1166,CBQBDS,22.5575,114.13608,5,310,1451038366,0
1167,CBQBDS,22.557617,114.135956,0,310,1451038426,0
1168,CBQBDS,22.557756,114.1358,18,310,1451038486,0
1169,CBQBDS,22.557995,114.135506,0,310,1451038547,0
1170,CBQBDS,22.558043,114.135445,0,310,1451038607,0
1171,CBQBDS,22.558378,114.135155,4,280,1451038670,0
1172,CBQBDS,22.5576,114.13585,0,140,1451038726,0
1173,CBQBDS,22.556013,114.13744,41,130,1451038786,1
1174,CBQBDS,22.556013,114.13744,41,130,1451038845,1
1175,CBQBDS,22.551216,114.137054,39,210,1451038846,1
1176,CBQBDS,22.54605,114.13267,45,240,1451038906,1
1177,CBQBDS,22.543804,114.12842,30,240,1451038966,1
1178,CBQBDS,22.540922,114.12368,30,220,1451039026,1
1179,CBQBDS,22.540127,114.12215,5,30,1451039086,1
1180,CBQBDS,22.539843,114.12157,0,60,1451039146,1
1181,CBQBDS,22.538687,114.12015,24,240,1451039207,1
1182,CBQBDS,22.53693,114.11781,0,210,1451039266,1
1183,CBQBDS,22.536053,114.11671,30,220,1451039326,1
1184,CBQBDS,22.535494,114.11611,35,40,1451039386,1
1185,CBQBDS,22.537052,114.11778,30,50,1451039446,1
1186,CBQBDS,22.537052,114.11778,30,50,1451039450,1
1187,CBQBDS,22.539776,114.122185,31,50,1451039506,1
1188,CBQBDS,22.542482,114.12666,16,60,1451039566,1
1189,CBQBDS,22.544243,114.1297,3,20,1451039632,1
1190,CBQBDS,22.545933,114.129654,9,330,1451039686,1
1191,CBQBDS,22.54851,114.13049,27,70,1451039746,0
1192,CBQBDS,22.549347,114.13518,42,80,1451039806,1
1193,CBQBDS,22.549074,114.13692,2,180,1451039866,1
1194,CBQBDS,22.548815,114.13638,4,290,1451039926,1
1195,CBQBDS,22.549393,114.13628,1,20,1451039986,1
1196,CBQBDS,22.551237,114.13753,31,30,1451040046,1
1197,CBQBDS,22.551237,114.13753,31,30,1451040055,1
1198,CBQBDS,22.553757,114.13911,13,10,1451040106,1
1199,CBQBDS,22.55498,114.14037,13,50,1451040166,1
1200,CBQBDS,22.555534,114.14281,27,90,1451040235,1
1201,CBQBDS,22.556034,114.14969,49,70,1451040286,1
1202,CBQBDS,22.560246,114.15659,52,50,1451040377,1
1203,CBQBDS,22.562468,114.16275,38,90,1451040411,1
1204,CBQBDS,22.562347,114.16687,38,90,1451040510,1
1205,CBQBDS,22.562542,114.16775,3,0,1451040535,0
1206,CBQBDS,22.561855,114.168724,0,80,1451040678,0
1207,CBQBDS,22.561932,114.16875,0,80,1451040678,0
1208,CBQBDS,22.561989,114.16878,0,80,1451040678,0
1209,CBQBDS,22.562029,114.16881,0,80,1451040713,0
1210,CBQBDS,22.562035,114.1688,0,80,1451040817,0
1211,CBQBDS,22.56205,114.168816,0,80,1451040889,0
1212,CBQBDS,22.56198,114.16879,0,80,1451040889,0
1213,CBQBDS,22.56198,114.16879,0,80,1451040893,0
1214,CBQBDS,22.561985,114.16876,0,80,1451040946,0
1215,CBQBDS,22.562044,114.16879,0,80,1451041136,0
1216,CBQBDS,22.562008,114.1693,22,90,1451041137,0
1217,CBQBDS,22.564375,114.17084,24,350,1451041138,0
1218,CBQBDS,22.566408,114.17082,0,350,1451041186,0
1219,CBQBDS,22.566498,114.170815,12,350,1451041257,0
1220,CBQBDS,22.566847,114.1679,18,260,1451041306,0
1221,CBQBDS,22.566885,114.16745,26,90,1451041385,1
1222,CBQBDS,22.565773,114.170815,21,170,1451041426,1
1223,CBQBDS,22.561832,114.1711,21,100,1451041495,1
1224,CBQBDS,22.561832,114.1711,21,100,1451041498,1
1225,CBQBDS,22.561974,114.17461,49,120,1451041547,1
1226,CBQBDS,22.557453,114.18374,70,90,1451041606,1
1227,CBQBDS,22.559507,114.19501,68,70,1451041676,1
1228,CBQBDS,22.560616,114.201485,65,100,1451041726,1
1229,CBQBDS,22.564812,114.21282,70,70,1451041786,1
1230,CBQBDS,22.567757,114.22956,69,70,1451041846,1
1231,CBQBDS,22.5679,114.230125,71,70,1451041906,1
1232,CBQBDS,22.577478,114.25372,76,50,1451041966,1
1233,CBQBDS,22.584482,114.26231,78,40,1451042038,1
1234,CBQBDS,22.590185,114.267555,0,20,1451042086,1
1235,CBQBDS,22.590185,114.267555,0,20,1451042102,1
1236,CBQBDS,22.591522,114.26618,40,300,1451042145,1
1237,CBQBDS,22.592676,114.26256,1,280,1451042211,1
1238,CBQBDS,22.59301,114.26106,47,280,1451042266,1
1239,CBQBDS,22.594316,114.25586,51,280,1451042325,1
1240,CBQBDS,22.59266,114.25146,7,230,1451042386,1
1241,CBQBDS,22.592726,114.24998,2,280,1451042445,1
1242,CBQBDS,22.591434,114.24868,10,290,1451042505,1
1243,CBQBDS,22.591341,114.2473,0,0,1451042566,0
1244,CBQBDS,22.592197,114.247856,27,30,1451042625,0
1245,CBQBDS,22.592648,114.250244,8,100,1451042687,0
1246,CBQBDS,22.592648,114.250244,8,100,1451042710,0
1247,CBQBDS,22.59259,114.25049,0,100,1451042745,0
1248,CBQBDS,22.59247,114.25109,0,100,1451042805,0
1249,CBQBDS,22.593168,114.25203,23,30,1451042865,0
1250,CBQBDS,22.594456,114.254654,40,100,1451042927,0
1251,CBQBDS,22.59333,114.25954,0,100,1451042986,0
1252,CBQBDS,22.591997,114.26487,47,100,1451043045,0
1253,CBQBDS,22.589989,114.27083,22,100,1451043125,0
1254,CBQBDS,22.58875,114.273506,1,70,1451043166,0
1255,CBQBDS,22.590057,114.270706,23,290,1451043268,0
1256,CBQBDS,22.590471,114.26833,14,260,1451043286,0
1257,CBQBDS,22.590471,114.26833,14,260,1451043314,0
1258,CBQBDS,22.587759,114.26429,49,190,1451043439,0
1259,CBQBDS,22.580822,114.25767,65,220,1451043440,0
1260,CBQBDS,22.57513,114.25065,57,200,1451043466,0
1261,CBQBDS,22.570621,114.24712,47,200,1451043598,1
1262,CBQBDS,22.566078,114.24273,0,220,1451043599,1
1263,CBQBDS,22.564276,114.24103,0,220,1451043645,1
1264,CBQBDS,22.561317,114.236404,60,220,1451043728,1
1265,CBQBDS,22.55949,114.23458,0,210,1451043765,1
1266,CBQBDS,22.55951,114.23454,0,210,1451043827,1
1267,CBQBDS,22.558336,114.23489,31,140,1451043885,1
1268,CBQBDS,22.557867,114.2352,0,140,1451043945,0
1269,CBQBDS,22.556465,114.2344,18,240,1451044005,0
1270,CBQBDS,22.554314,114.232445,20,200,1451044065,0
1271,CBQBDS,22.554281,114.229576,20,240,1451044146,0
1272,CBQBDS,22.553896,114.22782,8,320,1451044191,0
1273,CBQBDS,22.554182,114.22748,3,0,1451044246,0
1274,CBQBDS,22.553513,114.22605,0,230,1451044369,1
1275,CBQBDS,22.55247,114.22358,34,310,1451044369,1
1276,CBQBDS,22.556774,114.219055,0,310,1451044437,1
1277,CBQBDS,22.556774,114.219055,0,310,1451044524,1
1278,CBQBDS,22.557402,114.21599,35,260,1451044556,1
1279,CBQBDS,22.557404,114.21486,46,260,1451044556,1
1280,CBQBDS,22.557404,114.21486,46,260,1451044606,1
1281,CBQBDS,22.556568,114.18278,61,290,1451044671,1
1282,CBQBDS,22.560951,114.17673,46,300,1451044726,1
1283,CBQBDS,22.56284,114.16726,78,260,1451044790,1
1284,CBQBDS,22.560062,114.156105,64,230,1451044846,1
1285,CBQBDS,22.555662,114.14748,66,250,1451044906,1
1286,CBQBDS,22.55636,114.137436,55,290,1451044966,1
1287,CBQBDS,22.55984,114.133965,35,310,1451045025,1
1288,CBQBDS,22.561703,114.13217,0,310,1451045085,1
1289,CBQBDS,22.561703,114.13217,0,310,1451045129,1
1290,CBQBDS,22.561749,114.132126,11,310,1451045145,1
1291,CBQBDS,22.559557,114.12574,13,240,1451045210,1
1292,CBQBDS,22.55874,114.12433,35,230,1451045265,1
1293,CBQBDS,22.55925,114.12052,36,310,1451045325,1
1294,CBQBDS,22.55878,114.11081,74,260,1451045481,1
1295,CBQBDS,22.558643,114.10264,41,260,1451045487,1
1296,CBQBDS,22.558662,114.100334,0,270,1451045559,1
1297,CBQBDS,22.558498,114.09482,69,260,1451045565,1
1298,CBQBDS,22.558508,114.088455,0,290,1451045642,0
1299,CBQBDS,22.55847,114.08692,0,270,1451045695,0
1300,CBQBDS,22.558369,114.08506,40,260,1451045745,1
1301,CBQBDS,22.558187,114.07526,60,260,1451045833,1
1302,CBQBDS,22.558105,114.06685,48,260,1451045865,1
1303,CBQBDS,22.559006,114.062386,36,170,1451045925,1
1304,CBQBDS,22.55193,114.06258,3,170,1451046000,1
1305,CBQBDS,22.551922,114.062584,0,170,1451046045,1
1306,CBQBDS,22.54865,114.06265,46,180,1451046133,1
1307,CBQBDS,22.54784,114.062675,0,170,1451046190,1
1308,CBQBDS,22.541225,114.06278,66,170,1451046230,1
1309,CBQBDS,22.535831,114.0629,0,170,1451046285,1
1310,CBQBDS,22.535831,114.0629,0,170,1451046340,1
1311,CBQBDS,22.532633,114.06189,45,220,1451046345,1
1312,CBQBDS,22.531559,114.05315,70,260,1451046405,1
1313,CBQBDS,22.531258,114.04269,65,260,1451046470,1
1314,CBQBDS,22.530243,114.03071,75,270,1451046525,1
1315,CBQBDS,22.532133,114.02146,28,270,1451046598,1
1316,CBQBDS,22.531206,114.01545,57,250,1451046645,1
1317,CBQBDS,22.529814,114.01283,43,180,1451046707,1
1318,CBQBDS,22.53047,114.01637,5,170,1451046774,1
1319,CBQBDS,22.530016,114.01648,0,140,1451046826,0
1320,CBQBDS,22.529919,114.016624,2,150,1451046886,0
1321,CBQBDS,22.529919,114.016624,2,150,1451046945,0
1322,CBQBDS,22.529453,114.01696,29,320,1451046946,0
1323,CBQBDS,22.53176,114.02012,10,80,1451047007,0
1324,CBQBDS,22.531507,114.02355,24,100,1451047065,0
1325,CBQBDS,22.531282,114.024704,34,90,1451047125,0
1326,CBQBDS,22.529907,114.031654,25,90,1451047186,0
1327,CBQBDS,22.530504,114.03771,32,70,1451047249,0
1328,CBQBDS,22.531088,114.04265,40,80,1451047305,0
1329,CBQBDS,22.531313,114.0491,41,80,1451047365,0
1330,CBQBDS,22.531387,114.056046,41,80,1451047425,0
1331,CBQBDS,22.531475,114.063484,17,90,1451047485,0
1332,CBQBDS,22.53158,114.07007,47,90,1451047545,0
1333,CBQBDS,22.53158,114.07007,47,90,1451047550,0
1334,CBQBDS,22.531813,114.07665,28,70,1451047605,0
1335,CBQBDS,22.535538,114.07943,12,30,1451047665,0
1336,CBQBDS,22.53813,114.08178,28,350,1451047725,0
1337,CBQBDS,22.539902,114.081856,0,350,1451047785,0
1338,CBQBDS,22.539968,114.081856,0,350,1451047845,0
1339,CBQBDS,22.540596,114.08182,10,340,1451047905,0
1340,CBQBDS,22.543121,114.083244,33,80,1451047970,0
1341,CBQBDS,22.543472,114.08908,34,90,1451048026,0
1342,CBQBDS,22.543526,114.092224,33,80,1451048085,0
1343,CBQBDS,22.543648,114.09779,15,90,1451048145,0
1344,CBQBDS,22.543756,114.098495,0,140,1451048206,0
1345,CBQBDS,22.543898,114.10226,29,70,1451048265,0
1346,CBQBDS,22.544556,114.106094,0,80,1451048386,0
1347,CBQBDS,22.544556,114.106094,0,80,1451048421,0
1348,CBQBDS,22.545786,114.111694,11,70,1451048518,1
1349,CBQBDS,22.545815,114.11214,0,60,1451048565,1
1350,CBQBDS,22.546,114.11267,2,70,1451048626,1
1351,CBQBDS,22.545973,114.11272,0,70,1451048686,1
1352,CBQBDS,22.545746,114.11288,0,110,1451048746,1
1353,CBQBDS,22.545599,114.11302,3,70,1451048805,1
1354,CBQBDS,22.545034,114.10799,9,290,1451048865,1
1355,CBQBDS,22.546856,114.108116,1,350,1451048925,1
1356,CBQBDS,22.55005,114.10754,24,350,1451048988,1
1357,CBQBDS,22.55005,114.10754,24,350,1451049027,1
1358,CBQBDS,22.552057,114.10739,0,350,1451049045,1
1359,CBQBDS,22.553465,114.105415,13,270,1451049105,1
1360,CBQBDS,22.55347,114.10525,4,250,1451049166,0
1361,CBQBDS,22.553463,114.10444,0,260,1451049253,0
1362,CBQBDS,22.553518,114.104324,0,260,1451049286,0
1363,CBQBDS,22.552921,114.10324,29,230,1451049357,0
1364,CBQBDS,22.552418,114.09962,25,350,1451049405,0
1365,CBQBDS,22.558428,114.10153,16,80,1451049525,0
1366,CBQBDS,22.558382,114.103905,0,90,1451049585,1
1367,CBQBDS,22.558382,114.103905,0,90,1451049632,1
1368,CBQBDS,22.558567,114.108,55,80,1451049645,1
1369,CBQBDS,22.55877,114.11777,55,90,1451049713,1
1370,CBQBDS,22.558022,114.12325,30,50,1451049766,1
1371,CBQBDS,22.55863,114.12452,14,60,1451049825,1
1372,CBQBDS,22.561296,114.12954,38,60,1451049885,1
1373,CBQBDS,22.561415,114.13223,39,130,1451049945,1
1374,CBQBDS,22.557371,114.13611,31,130,1451050005,1
1375,CBQBDS,22.555618,114.14232,51,90,1451050065,1
1376,CBQBDS,22.556429,114.15139,60,60,1451050130,1
1377,CBQBDS,22.556429,114.15139,60,60,1451050238,1
1378,CBQBDS,22.562077,114.1602,49,70,1451050281,1
1379,CBQBDS,22.562492,114.16738,30,90,1451050284,1
1380,CBQBDS,22.561924,114.17052,36,80,1451050307,1
1381,CBQBDS,22.563564,114.17166,0,110,1451050370,0
1382,CBQBDS,22.563198,114.17176,1,190,1451050426,0
1383,CBQBDS,22.565071,114.17099,0,350,1451050545,0
1384,CBQBDS,22.565083,114.1709,0,350,1451050546,1
1385,CBQBDS,22.565556,114.17092,20,350,1451050606,0
1386,CBQBDS,22.566916,114.170715,15,280,1451050691,0
1387,CBQBDS,22.566826,114.16639,27,260,1451050725,0
1388,CBQBDS,22.56565,114.165375,25,190,1451050785,0
1389,CBQBDS,22.56565,114.165375,25,190,1451050843,0
1390,CBQBDS,22.564362,114.16502,8,90,1451050877,0
1391,CBQBDS,22.564335,114.16583,0,10,1451050905,0
1392,CBQBDS,22.564278,114.16475,0,260,1451050966,1
1393,CBQBDS,22.56262,114.1605,61,250,1451051073,1
1394,CBQBDS,22.557062,114.152336,64,230,1451051085,1
1395,CBQBDS,22.555943,114.14129,44,290,1451051145,1
1396,CBQBDS,22.552803,114.13822,58,200,1451051206,1
1397,CBQBDS,22.545332,114.13178,48,230,1451051272,1
1398,CBQBDS,22.540804,114.12337,41,230,1451051325,1
1399,CBQBDS,22.538752,114.12169,0,0,1451051385,1
1400,CBQBDS,22.536913,114.117805,49,230,1451051445,1
1401,CBQBDS,22.536913,114.117805,49,230,1451051450,1
1402,CBQBDS,22.534552,114.11439,19,240,1451051508,1
1403,CBQBDS,22.541279,114.11359,10,350,1451052026,1
1404,CBQBDS,22.54374,114.11344,21,0,1451052027,1
1405,CBQBDS,22.544626,114.11357,0,0,1451052029,1
1406,CBQBDS,22.545404,114.11347,0,0,1451052045,1
1407,CBQBDS,22.545706,114.1133,15,310,1451052108,1
1408,CBQBDS,22.54494,114.10664,30,270,1451052174,1
1409,CBQBDS,22.549213,114.10484,8,350,1451052285,1
1410,CBQBDS,22.551592,114.10507,10,350,1451052345,1
1411,CBQBDS,22.551592,114.10507,10,350,1451052403,1
1412,CBQBDS,22.55653,114.10436,10,150,1451052465,1
1413,CBQBDS,22.556425,114.10432,0,70,1451052525,0
1414,CBQBDS,22.556854,114.104225,10,320,1451052585,1
1415,CBQBDS,22.558517,114.10587,14,80,1451052645,1
1416,CBQBDS,22.558212,114.11149,28,180,1451052705,1
1417,CBQBDS,22.554081,114.10969,0,180,1451052765,1
1418,CBQBDS,22.548334,114.110214,4,180,1451052826,1
1419,CBQBDS,22.546879,114.10761,29,260,1451052885,1
1420,CBQBDS,22.546032,114.10651,16,180,1451052945,1
1421,CBQBDS,22.546032,114.10651,16,180,1451053007,1
1422,CBQBDS,22.54219,114.10696,0,160,1451053065,1
1423,CBQBDS,22.542198,114.106995,0,160,1451053125,1
1424,CBQBDS,22.542166,114.10708,0,160,1451053185,1
1425,CBQBDS,22.541992,114.10717,1,140,1451053245,1
1426,CBQBDS,22.542038,114.10699,0,140,1451053305,1
1427,CBQBDS,22.540817,114.10714,30,170,1451053365,1
1428,CBQBDS,22.538038,114.10436,27,280,1451053427,1
1429,CBQBDS,22.538038,114.10436,27,280,1451053610,1
1430,CBQBDS,22.53185,114.07419,59,260,1451053667,1
1431,CBQBDS,22.531729,114.064125,66,260,1451053725,1
1432,CBQBDS,22.531574,114.05454,56,260,1451053785,1
1433,CBQBDS,22.531633,114.046776,21,260,1451053850,1
1434,CBQBDS,22.530794,114.04453,44,170,1451053905,1
1435,CBQBDS,22.527822,114.044716,8,260,1451053965,1
1436,CBQBDS,22.527716,114.04409,6,260,1451054026,1
1437,CBQBDS,22.527567,114.04342,0,250,1451054085,1
1438,CBQBDS,22.527172,114.04186,6,240,1451054145,1
1439,CBQBDS,22.529053,114.041214,0,40,1451054205,1
1440,CBQBDS,22.529053,114.041214,0,40,1451054214,1
1441,CBQBDS,22.52927,114.04088,0,40,1451054265,1
1442,CBQBDS,22.529398,114.04082,9,340,1451054325,1
1443,CBQBDS,22.530834,114.04147,7,80,1451054385,1
1444,CBQBDS,22.530684,114.04178,0,190,1451054445,0
1445,CBQBDS,22.529299,114.04244,3,0,1451054505,0
1446,CBQBDS,22.52795,114.04301,0,160,1451054565,0
1447,CBQBDS,22.52771,114.043015,0,70,1451054625,0
1448,CBQBDS,22.526993,114.04477,20,190,1451054794,1
1449,CBQBDS,22.525333,114.044106,31,200,1451054794,1
1450,CBQBDS,22.523191,114.043076,25,210,1451054805,1
1451,CBQBDS,22.524166,114.04372,53,20,1451054865,1
1452,CBQBDS,22.530107,114.04488,21,350,1451054925,1
1453,CBQBDS,22.531288,114.04946,39,80,1451054985,1
1454,CBQBDS,22.531559,114.058014,55,80,1451055045,1
1455,CBQBDS,22.531746,114.06783,66,80,1451055128,1
1456,CBQBDS,22.532017,114.07704,33,60,1451055168,1
1457,CBQBDS,22.53669,114.08059,56,50,1451055225,1
1458,CBQBDS,22.538006,114.09084,65,70,1451055301,1
1459,CBQBDS,22.538006,114.09084,65,70,1451055335,1
1460,CBQBDS,22.538036,114.096,7,80,1451055345,1
1461,CBQBDS,22.538042,114.09698,3,90,1451055405,1
1462,CBQBDS,22.538044,114.09807,23,80,1451055465,1
1463,CBQBDS,22.538107,114.09974,5,70,1451055525,1
1464,CBQBDS,22.538097,114.101006,2,80,1451055585,1
1465,CBQBDS,22.538103,114.10177,4,80,1451055645,1
1466,CBQBDS,22.53806,114.102684,15,90,1451055705,1
1467,CBQBDS,22.542755,114.106415,5,330,1451055825,1
1468,CBQBDS,22.543316,114.106224,0,340,1451055886,1
1469,CBQBDS,22.543316,114.106224,0,340,1451055939,1
1470,CBQBDS,22.543655,114.10614,3,350,1451055945,1
1471,CBQBDS,22.544691,114.10655,16,60,1451056005,1
1472,CBQBDS,22.546013,114.114204,14,70,1451056125,1
1473,CBQBDS,22.546635,114.116806,0,80,1451056185,1
1474,CBQBDS,22.546816,114.11762,36,70,1451056245,1
1475,CBQBDS,22.546648,114.1187,25,90,1451056387,1
1476,CBQBDS,22.547615,114.12322,0,80,1451056388,1
1477,CBQBDS,22.547678,114.123924,16,80,1451056425,1
1478,CBQBDS,22.547678,114.123924,16,80,1451056542,1
1479,CBQBDS,22.545124,114.126015,23,170,1451056650,1
1480,CBQBDS,22.545061,114.122536,0,260,1451056651,1
1481,CBQBDS,22.543556,114.12143,9,190,1451056651,1
1482,CBQBDS,22.54276,114.12123,0,200,1451056666,1
1483,CBQBDS,22.542473,114.120705,0,220,1451056817,1
1484,CBQBDS,22.542442,114.12058,8,200,1451056819,1
1485,CBQBDS,22.541956,114.120285,0,200,1451056845,1
1486,CBQBDS,22.54134,114.11988,18,210,1451056905,1
1487,CBQBDS,22.540808,114.11968,16,200,1451056965,0
1488,CBQBDS,22.539938,114.11831,25,250,1451057025,0
1489,CBQBDS,22.53987,114.11679,3,310,1451057085,0
1490,CBQBDS,22.53987,114.11679,3,310,1451057145,0
1491,CBQBDS,22.541325,114.11619,13,350,1451057145,0
1492,CBQBDS,22.54218,114.11601,2,330,1451057205,1
1493,CBQBDS,22.542406,114.11593,0,350,1451057335,1
1494,CBQBDS,22.544523,114.1153,8,350,1451057404,1
1495,CBQBDS,22.546432,114.11653,32,80,1451057404,1
1496,CBQBDS,22.547142,114.11994,7,60,1451057455,1
1497,CBQBDS,22.547771,114.12242,3,80,1451057505,1
1498,CBQBDS,22.547771,114.12242,3,80,1451057748,1
1499,CBQBDS,22.547834,114.123405,0,80,1451057821,1
1500,CBQBDS,22.547823,114.124344,0,70,1451057821,1
1501,CBQBDS,22.547672,114.12486,6,30,1451057821,1
1502,CBQBDS,22.547367,114.121445,0,260,1451057883,1
1503,CBQBDS,22.546583,114.11679,46,250,1451057883,1
1504,CBQBDS,22.545918,114.1139,0,270,1451057883,1
1505,CBQBDS,22.545137,114.10786,46,260,1451057928,1
1506,CBQBDS,22.544817,114.106255,28,250,1451057985,1
1507,CBQBDS,22.543888,114.100845,18,250,1451058045,1
1508,CBQBDS,22.547062,114.09962,2,350,1451058105,1
1509,CBQBDS,22.549616,114.09954,34,350,1451058166,1
1510,CBQBDS,22.55167,114.09942,0,350,1451058225,1
1511,CBQBDS,22.551683,114.09945,0,350,1451058284,1
1512,CBQBDS,22.551807,114.09544,51,260,1451058344,1
1513,CBQBDS,22.551807,114.09544,51,260,1451058351,1
1514,CBQBDS,22.55169,114.087616,36,260,1451058468,1
1515,CBQBDS,22.551771,114.08128,34,260,1451058525,1
1516,CBQBDS,22.552248,114.07838,9,350,1451058585,1
1517,CBQBDS,22.55235,114.07775,0,250,1451058644,0
1518,CBQBDS,22.552341,114.07768,0,250,1451058705,0
1519,CBQBDS,22.55203,114.07829,16,170,1451058765,0
1520,CBQBDS,22.55153,114.07709,35,80,1451058824,0
1521,CBQBDS,22.551765,114.08114,22,80,1451058885,0
1522,CBQBDS,22.550394,114.08404,21,170,1451058945,0
1523,CBQBDS,22.550394,114.08404,21,170,1451058955,0
1524,CBQBDS,22.54821,114.08416,20,180,1451059006,0
1525,CBQBDS,22.544666,114.08423,32,170,1451059065,0
1526,CBQBDS,22.543142,114.08185,0,270,1451059125,0
1527,CBQBDS,22.543344,114.07924,10,350,1451059185,0
